576320
1742
74230
946270
371474
154604
811439
116682
97150
41723
366714
57768
195749
525809
118378
324664
575552
435297
285534
840884
666803
621947
655862
184992
500304
351490
875534
267278
799214
901794
852204
866530
416825
345461
906490
740444
448019
15668
362919
691575
727796
970670
403066
720132
475735
532280
144119
39153
663637
639219
951008
736843
49216
278519
410987
345381
764724
792017
944386
524944
616808
896682
780096
207752
533193
203862
854029
425261
802138
958836
323815
851211
714361
310587
10061
71234
36288
277352
253093
622224
587382
406370
166082
567014
941503
366372
421747
938868
457920
183350
677370
413765
740165
80669
652137
960928
350487
665821
967621
447766
963043
802776
29299
416385
465464
746093
761135
909665
692116
496956
146681
93368
873993
903749
975409
712679
284957
333277
249418
942001
981126
84793
69505
377524
717091
156088
696567
434290
665014
78644
327095
122027
586933
106696
819335
530192
914460
137648
290570
584342
454552
685922
438273
896538
415401
350961
660527
629650
381331
504042
95426
845934
650878
484431
349940
135256
759657
490610
735951
176965
112364
983917
315880
94340
106814
994487
417280
56996
181335
256449
495330
689122
236776
242244
477985
111999
567062
861336
894303
566385
460451
55131
81325
140347
188721
941271
969969
535180
726000
697995
552748
728604
495036
927882
558765
687120
917638
216676
191509
887937
831923
557225
220982
252556
109377
105512
422938
905634
725649
624216
13714
263641
304353
68414
579716
246247
796763
611874
461857
770775
983981
210063
19400
406375
831497
6418
165136
707095
460463
713814
815153
829517
209280
221502
578125
371614
767108
792307
983601
605953
130199
307858
188403
446793
766273
170909
588696
977933
765745
706596
783757
719651
110215
970881
81114
747440
634394
597209
469548
275532
220563
549360
245111
314880
126704
535780
436756
379667
70181
856848
998598
761367
785936
568391
13626
877840
213128
118784
639219
875697
569348
644621
883260
28286
234099
811934
828796
851114
561286
522956
17385
471902
851025
966075
402635
138679
986889
481163
362885
476801
591451
789358
246860
36051
476058
388898
642931
607183
570526
974453
823227
654240
717549
298431
304077
34462
337083
553996
985540
303628
124689
570641
505949
433817
489910
804919
109833
15049
518844
10407
509140
498907
64267
918019
82461
465705
882082
151758
162483
330255
506057
294295
754340
653335
244619
902927
517219
50824
524873
72666
962897
702547
222273
374832
432644
676765
20367
351097
692251
131132
109599
286899
73306
435006
193527
945748
199575
623526
214090
118685
250683
669869
744997
614396
463228
146113
278401
993308
662752
388832
836621
919174
334503
795092
55492
87550
468683
775856
810876
690326
177072
871657
511773
232460
870541
66003
690914
208763
973502
931268
876966
531700
785190
301261
870958
769946
684800
668892
121671
28403
497651
427007
22155
7470
819359
984378
786656
106955
285538
216706
616983
189429
860155
485278
268631
882487
49737
577290
638150
918528
912134
907246
265071
749863
218364
895166
678177
521816
596527
100566
947242
176785
551046
692062
470462
707299
675836
414054
592923
4665
414846
242150
939254
633403
576741
17011
964262
708452
419715
191778
527936
907724
389638
169985
847574
288545
488835
792053
456993
719699
685022
14840
977139
533907
423311
791063
929536
940047
964425
847408
498760
574110
711168
489988
887724
29617
678580
130299
463461
183454
869535
843124
406751
663441
872892
981923
841955
536099
558463
813346
661885
957324
309422
515408
736458
919582
84658
841864
168329
442192
734129
146452
271483
312783
134559
317287
260120
722619
582568
425856
428235
831978
107042
127187
382846
369310
139473
377146
574552
523944
18868
879976
177730
72625
121387
705448
592727
256242
205189
311465
786405
14527
43046
902756
440782
344853
536535
654386
587920
77663
277576
764603
56450
694225
525600
463483
807143
361295
12748
567155
113545
64820
62615
537614
450649
135147
619693
21270
836412
820936
717928
399870
848342
496702
414885
282382
583867
475422
213605
321206
433400
600630
239528
571096
941950
815875
371206
301377
363071
490930
866075
516205
793824
832966
123411
172695
861057
706524
806259
212093
118582
164969
757417
993729
525421
528717
253835
910106
764296
934810
924067
156906
887806
657624
954420
794208
693982
284974
179224
631215
112066
607629
17878
657865
897036
683682
91297
649200
349206
365912
937789
942603
340613
427955
895213
653496
103646
682990
427793
116019
179002
308220
128681
764166
23133
473581
93971
85726
33413
991411
474527
254271
349931
435496
755632
492984
27294
875645
980432
367023
463939
797987
21028
204518
912658
87735
519894
189890
606558
813840
858066
987678
826264
780030
896196
955973
423147
360213
94718
316004
948550
787897
72667
560314
293653
720055
751515
537844
841856
846859
718078
706041
11905
731348
852046
684803
654286
612
103472
771604
841496
486444
386942
78334
773970
495062
817221
81678
75789
729940
20211
681812
163081
662371
753259
746616
743799
647096
918733
72021
553587
101016
119367
819658
295219
261462
121942
313562
382383
496848
880792
178914
950514
478060
983123
949023
485297
650867
77909
844073
454181
767009
283408
177570
228781
557813
176238
599560
280708
835602
857368
739862
261611
19334
550548
633695
948827
244337
200108
161767
110960
604069
258375
751068
115759
325212
852439
854731
988598
547781
27214
908901
677816
227972
708639
221563
377512
929655
252369
926965
192838
544619
360507
56451
962489
401501
242655
367935
382994
260356
858274
334129
327809
389369
742294
680183
827052
328345
824754
339681
486673
332885
853177
192823
165885
959349
722537
229064
362264
331468
997978
738318
114128
52386
652402
283012
71942
828990
648854
126679
509201
716560
919105
712002
297643
318291
125958
461523
123823
702136
914234
143415
805986
38707
110308
805271
50744
978019
809254
401277
899401
752239
381831
36742
65025
703724
156535
191392
575992
810756
385867
809639
99259
173273
103848
919585
559518
780762
550442
443494
659594
383172
320547
668929
384118
744389
33257
56106
242310
554687
124274
931248
688784
363407
818350
804293
3669
914800
109481
391746
607031
116874
811582
326803
306828
688785
447312
711428
706708
103258
483677
33179
515125
161542
940754
704512
224805
826573
280540
12703
663559
267618
792469
555806
44227
920256
415824
148980
194979
796727
933405
138281
958443
482186
404293
193593
455102
474667
539153
934841
592865
988055
320745
240282
894623
389362
189245
728164
998351
373237
201040
223682
549379
108569
482882
342191
365
155384
192738
241912
823874
546003
93550
172416
312742
392707
223000
208492
220883
607691
693911
829582
611630
216416
287578
6431
801623
938947
232304
388487
642986
237183
420506
348171
642368
943672
818954
318651
89352
712323
204078
844253
658335
783564
357338
473265
243206
252223
496866
298809
73672
78405
5646
946211
4439
309317
251193
717966
733960
905207
902206
71250
791741
791518
637199
265087
491877
17481
504764
71661
219143
280310
450045
674948
391851
610368
840
240221
23350
517721
244871
380911
538317
502001
983818
446622
554640
286452
278100
510139
781907
997251
807925
121911
63884
675842
64840
609939
396364
241108
441193
745514
600301
932347
264207
212335
754671
874444
909592
729424
748161
362340
724968
79438
606826
623639
648839
250266
782067
923349
186297
722682
698816
905434
608170
291660
290802
713601
50726
824398
842430
235500
369502
773722
718451
271238
79400
531313
434751
898405
864239
262656
818950
929797
672377
535824
287113
799204
861977
81838
406621
266900
895547
299417
221305
394899
149446
512635
870446
942170
232562
135246
515422
226461
523946
532080
60647
630318
676005
498681
263584
754606
800393
802072
46372
181601
929728
398920
987169
428796
989043
505224
589303
804090
599468
152814
93764
846726
907956
147670
376231
21625
734352
462708
247107
459489
908396
204167
442535
992507
340683
211619
47034
16198
926550
1607
543637
927826
126483
139988
250971
831318
143175
226380
271304
837317
329581
692775
822779
220397
354664
351776
584072
770328
185704
587698
445720
604963
235940
818648
782790
306739
227323
550386
261629
806277
85038
656804
222197
317344
316830
78124
465968
176641
225854
967557
590338
324163
867126
508931
700519
738085
113542
747432
166497
339302
154252
173480
479314
809538
243510
986806
443346
996282
761991
221416
445189
302953
188216
774145
362693
409046
159518
849022
50467
36932
338985
949544
795383
662905
731715
467700
210877
98089
503764
671966
996219
372280
720074
458678
342269
99180
816301
367697
570482
68990
745819
491259
637428
864057
672596
869230
590360
45616
727050
803698
318271
615296
433087
437626
864260
988724
756461
743825
737875
177444
826728
856406
975408
826019
842833
274918
784627
363340
330298
839357
402876
667140
983901
492382
911374
2155
148646
414632
964237
992091
491110
418056
954695
127067
461522
271254
96948
706864
195411
842742
498135
344415
371867
418247
744088
425083
194304
249208
949890
515589
329239
412241
490581
273218
916041
123586
556263
178330
474933
268892
479174
379446
651666
678153
61988
749
715926
147976
239267
104286
885831
698206
554900
358462
641761
238055
405456
284259
760910
986305
633815
244719
189354
36831
898484
421527
147259
174169
908038
417796
37679
203262
440136
733346
312746
924377
957200
174713
742098
925087
729627
398407
713275
695525
83656
653746
239692
980294
312053
29510
349315
747319
462980
142215
247061
659896
766980
361282
712450
637324
986929
751957
346248
749517
425418
87421
846329
55059
252732
769506
928861
238481
792025
986397
863668
639565
879827
181804
520173
135726
155772
336985
859017
480222
833493
56865
252581
54826
114609
688214
141205
391177
904457
26741
44015
712035
697550
386599
932022
517061
839785
794871
939659
958569
350805
352725
905142
715682
294507
691045
459997
2562
31346
218782
201845
168065
361631
463549
711217
933821
373914
203864
308387
759127
920983
545940
678722
504808
543702
602785
798997
963808
639156
773158
564354
390554
928127
381418
251799
843207
945318
537165
725412
687903
340114
853801
681338
829531
275375
321840
785139
189222
764241
436581
365972
159964
935515
361502
758764
355600
445111
404631
12126
497013
444887
563875
923182
411911
661294
542718
93239
564605
337002
249089
451231
638716
54921
671094
893030
766163
258913
614340
865168
867022
983325
815245
54905
43394
722280
612209
66585
861042
704429
606732
500510
501443
55745
734764
378802
846716
831384
91124
552411
555058
927519
474874
318406
216058
566858
97019
371369
213046
956759
542128
698011
849755
805898
744674
507268
331088
433548
834131
899864
523419
478940
871994
200579
33989
213620
203885
800048
227603
361553
123291
510802
975142
11278
637596
304498
121170
928452
732220
68155
572406
92515
788132
318144
76343
415763
185262
343717
92761
470974
143103
676746
130792
674001
876661
550598
367037
527379
475379
375413
479811
242977
801711
840601
652115
912977
681951
505073
76293
637515
689019
122520
309631
515059
978416
198386
470800
6107
439356
337214
125586
911863
429214
550604
249659
987346
987263
738439
387147
520344
287651
849260
621629
595607
927369
574114
804867
572828
420600
799006
66231
447099
217216
689480
5566
222711
836456
114406
840993
615204
727924
36964
835682
315525
212587
26197
868447
514180
994826
3827
139101
218157
407550
454040
469962
604003
418828
570287
237309
376698
499944
791029
671834
301168
328736
317462
51493
379625
787602
724077
211502
451842
56698
877017
152556
150030
282871
742335
664602
564536
7262
879713
996091
280015
777028
388547
28545
755992
708242
927000
734137
792743
969945
556074
431388
793013
955997
278195
924839
350037
416407
225743
763220
764299
893910
957539
223808
606406
326004
951452
380616
629946
495594
778843
24346
297943
651081
128181
149482
998271
728296
718072
487137
310404
798237
278738
25746
568666
952889
451645
113791
123354
838234
775784
718564
399340
271949
479410
141387
384077
478117
704321
493943
523970
348072
72544
936166
279906
163785
420405
708748
829133
284361
100479
507309
530886
776940
562381
596251
527808
987587
731280
194087
823057
116959
366806
158921
996208
1566
733063
156950
70157
94338
353106
41642
132830
466597
121095
179815
364283
690864
131165
341927
544466
606894
386805
197466
521195
504906
785377
239752
124857
387274
60244
555946
569835
705572
646129
982078
445916
939408
373157
254948
526600
486809
587971
314707
365250
215842
467732
530928
559499
287677
428204
16576
405725
31682
909632
538524
260779
963170
719492
351953
134649
588744
932450
225186
903365
539425
158841
362405
450745
669113
987494
679117
896134
181583
272339
802981
387338
916995
703390
188634
917710
569866
133374
33690
674368
656376
94005
361832
103134
983737
749920
421731
179990
89859
370115
335490
410072
433989
292464
729089
810669
340300
788424
503623
113448
571361
688119
377731
150141
274130
712662
114729
528908
199576
663556
837310
614865
896779
804648
737371
686511
679604
455711
521399
669992
577581
103101
918218
388498
584119
175228
332853
63542
846041
574909
553762
650716
808643
483545
913012
466994
75597
571364
383770
734240
239493
591149
551030
488947
811527
110604
676560
434094
597806
654980
773895
66104
371464
929397
894064
712449
298984
935214
334385
108729
220572
451560
844115
528824
612589
596924
444646
584057
135265
91261
318558
447565
296540
252502
786604
228296
1861
811668
429750
400237
162668
472287
640952
64507
605049
922785
425796
35733
149513
668693
818205
419720
457778
713648
738696
89858
304738
634125
890289
795940
82488
38680
700217
357972
202590
317106
867478
42037
807403
559164
185177
105154
544476
677554
443881
454593
411941
127802
812096
123073
223245
355072
51737
145968
744746
490678
321763
508227
183158
891145
238245
116940
85529
790032
515070
634678
906632
236263
895787
939678
914295
678406
952446
561854
247279
513584
113727
633458
459499
707717
686006
70582
671766
107651
783841
597005
615211
284044
686481
826443
123548
556561
828351
554234
179656
928771
957957
25865
639368
39556
605291
686180
382777
891342
157522
474378
937312
892427
623829
297274
436240
439111
612825
600485
52930
543099
767421
111429
902424
738424
887780
243095
249556
318504
508374
784611
604369
539077
733767
728877
506839
5394
328389
940454
454476
708794
118962
916683
343261
605092
829429
184245
595847
720823
628178
634484
634082
336468
512930
613809
163920
901981
405166
677696
942718
24355
632295
325135
952073
143491
961831
133612
551587
50669
427928
815992
119675
18813
558070
189167
175545
314022
145216
326580
978934
109600
202871
482893
281523
826922
907311
597075
809428
621704
114439
843016
749067
150387
507863
954114
609192
938945
322925
987997
851508
769266
65331
8603
840361
764769
440554
199391
863709
884415
172280
574633
363462
469002
776160
453868
484996
807162
159726
117591
358433
988403
838441
189806
489832
607663
589316
398096
424696
29702
89271
446919
318408
171883
263290
548005
244162
619919
342178
949630
607910
742446
903030
711158
772151
789734
863925
968031
152299
783862
956895
791802
347838
880629
665213
688133
926172
326758
262217
120768
545659
395050
93484
683267
63627
510490
558730
607015
952492
370337
146150
341926
907723
703524
788192
69111
441476
360880
995092
773246
152095
888991
668935
681258
279513
891305
822158
796959
358673
896401
432751
748847
882251
207790
721126
486469
640038
369291
472813
564188
160050
515936
754910
658534
807124
968368
464736
143295
861709
68568
889389
204074
8184
192501
437547
778534
888297
260436
132665
918605
416780
494577
996019
961363
251656
136854
364755
807804
110363
857732
998718
182441
48285
414699
733142
205651
608516
75092
908807
141563
352300
679236
996502
392110
997565
906429
441307
725685
242977
179027
50021
74944
337493
920446
969690
392453
882229
81510
763101
141135
707494
506840
291739
783740
542834
814940
37495
434971
627558
110915
367032
956533
462123
121574
543781
788753
870512
578600
843281
996880
894831
510650
135607
216571
299021
414434
519513
721303
232720
226152
557100
564074
599769
912464
602014
341227
50905
3355
297695
99040
526454
550641
314631
340499
921386
86378
360503
383496
263017
654618
173054
84625
297247
764501
909984
914835
332672
433652
910805
538006
476017
650794
253931
550819
713582
995612
353520
332504
733457
915051
81723
886763
259871
157612
150392
431855
777848
487895
33653
835236
349842
597665
900257
88567
782100
289842
941811
994608
578503
830814
683085
882319
667827
640482
379242
330816
15144
399256
997751
746806
688836
89590
112751
857652
366039
251672
344257
731694
218836
781124
558588
609645
745296
482124
718153
253915
135480
543099
111000
156663
257686
524961
922502
122719
303556
823587
648300
435037
284193
747611
262076
392423
619015
718569
641794
974651
447199
677041
596143
916393
434100
134048
131750
919817
561201
369895
317771
803814
569534
891356
31784
451818
958176
265879
195670
58165
275433
718337
631097
867192
701124
20364
816259
835555
55354
605570
978666
674723
448162
281572
205551
510320
971755
442810
99703
881626
651827
1445
822527
352835
88300
928900
144641
878204
349727
421116
178927
38181
648089
172684
11245
160754
809935
125449
573319
170516
518833
794687
961985
420062
361443
932336
306117
282186
862685
878558
242945
287110
198839
270708
673064
444039
911000
723103
415151
934686
30531
163559
192442
246565
226891
760200
718770
142935
551165
887269
866672
553679
922794
414945
405793
865787
4535
284002
116460
437789
419942
986315
778162
694177
66014
967559
441040
214223
700219
399976
239129
177569
949879
904826
633258
354428
409671
153682
615589
905181
205970
289951
590862
481606
794000
994562
309326
320379
33137
19238
261180
416105
352469
662528
930087
913355
687670
216324
163025
237979
104401
698773
168347
108325
572506
57316
308118
622303
863370
430086
477970
957658
773785
71854
582310
745071
869929
218767
156729
42844
419669
140551
165846
560382
635721
728917
969382
714793
187899
143998
128617
859522
657362
301923
12025
369425
495416
849153
403213
139443
75823
426206
405024
435635
162151
298651
394266
506243
201500
143810
601869
498801
679069
868877
97084
440601
603437
183047
668050
824967
546628
584393
405778
292826
274417
918729
394194
561482
515300
369464
179931
173557
367095
149893
187978
866524
226109
507724
917968
365642
327836
419396
134067
993230
672662
724557
600395
678067
262670
208025
45339
540241
112225
445127
546914
409099
707834
193802
163116
659545
895818
720896
355516
146920
576754
653321
859739
588582
687690
330142
447500
268435
285863
337920
165080
1934
959843
748714
421257
995075
80045
35462
221965
638818
562923
830650
754786
149757
341914
271586
109878
628278
926407
878612
441390
674805
818893
96803
949670
396358
649530
427379
470980
120064
650982
855043
795358
111906
260517
496603
119741
307146
987319
640128
966923
618716
366601
775942
665707
356469
867982
387583
611218
433217
567200
371234
972196
944394
766501
156682
349055
94252
371199
39872
12266
324719
695288
104769
117656
642544
829641
205275
55624
862107
448213
588692
469039
599959
27058
786759
859852
174360
369809
319854
577264
421189
516010
813915
334917
168115
531404
315210
706251
63901
207876
525263
996322
767389
417664
421864
368875
296388
321969
934661
507127
461551
448439
636637
231907
489144
968459
970950
439219
800602
409481
77467
975784
535529
754434
743457
811122
212448
441731
234488
262284
347672
100181
603853
119423
717652
777918
746639
763058
262263
54610
581884
608335
309683
976399
248973
246560
173615
273803
600855
25475
613930
402078
102054
96573
86808
444604
915949
43408
212730
828836
73431
741693
218317
521786
341880
643688
245257
612084
625149
753676
849204
76781
923386
67056
608029
914253
331247
336073
909973
558954
407591
417714
146046
430437
906966
661840
175392
987419
14805
697665
187633
39067
821391
343961
826044
755368
642635
940905
291886
791551
673406
659046
24978
337286
878868
631562
284479
858135
44902
424847
896805
833648
966796
587133
168662
278472
232781
589015
418872
509341
447533
965528
678967
705454
325590
751681
776738
340088
33684
990075
387053
392166
511247
440548
970973
488821
547418
917436
426619
617207
592214
814092
653388
300398
6605
160764
609526
366823
869079
621298
648231
43695
738259
813744
529018
785074
345653
600447
240012
203363
818681
895702
215074
676301
39777
224892
927923
934709
780022
886745
618585
725966
837991
485641
440865
885491
764929
335039
860104
90762
138177
247447
449903
260436
991557
773355
11476
352889
719574
399434
691494
37006
320878
379650
107712
3295
46978
85967
293907
691577
420079
566979
584147
342872
895988
622554
388397
359891
444939
336557
572676
990494
635498
949343
780606
111139
186636
768529
45604
768933
54029
864140
33216
914662
74309
735040
542631
362939
480342
642397
544849
259531
683458
858839
868463
598556
312318
832763
467846
433217
524949
876489
351023
878884
795444
54310
613648
624625
586896
68965
78975
556094
685274
32254
147544
673120
529264
983499
739663
624350
314692
227012
586858
965680
784522
686855
894988
27415
309654
284578
391204
766228
599984
251382
629323
105963
68869
21890
361012
252172
681783
121362
544350
701834
273920
73020
935528
81367
392760
526218
248000
330550
367212
573811
723307
30386
500881
244033
157431
353870
936849
420327
386164
476267
16105
451749
301991
179748
256618
149199
115261
371698
861288
341949
239448
801327
814400
853167
479181
352739
315639
867707
815352
142497
974997
665261
973020
627677
861708
652346
644095
644987
424023
179608
754233
511854
214710
724685
152553
980370
844267
566511
745212
853833
407747
708289
602562
448734
64463
273523
589819
111271
430007
202482
89003
403390
66389
852688
127570
903628
460863
308361
266632
625678
813012
555540
987636
927267
496193
365691
9240
495279
619834
296218
955192
609846
676788
54906
124104
156989
842922
113519
70951
344257
732194
890250
206264
943767
712305
833277
160033
766452
817556
394685
228467
928893
225861
744822
330216
289232
804262
661099
616375
874810
311141
753791
799413
80078
627202
413171
631032
95323
971904
247257
685654
948206
87096
727186
345279
268360
236022
180365
596048
72112
817004
841864
157191
510045
61534
76933
352191
306843
989637
171244
387474
60785
658547
685408
412468
803719
214489
905985
772864
558246
802797
643801
87988
419773
1222
765795
528865
64875
505154
885915
51910
256196
737590
187226
550410
823239
751394
741445
329733
461641
830745
235783
367056
670566
304659
747591
834615
946109
956237
569505
124901
14309
883742
297516
652886
688939
714287
562247
221179
440154
436411
257325
607216
717175
46974
339772
297963
368232
5070
415908
413664
770549
361745
546356
531043
660830
264672
366350
571094
296790
523297
650131
391743
786645
538943
272069
205206
986762
143610
233703
196542
919911
342052
395778
408663
23141
129209
129445
841192
88727
750272
826584
788397
771999
89683
472061
249698
15940
28315
966370
569313
769881
179221
918607
247100
538638
420344
872876
228094
102902
420702
303583
371892
879726
418146
156930
967747
501545
662958
701222
291758
152590
115064
216837
355612
407423
439144
504592
934812
527600
387024
406137
603020
301157
329519
479914
381903
804680
510279
436715
48368
194439
386829
690531
609745
531973
353796
278383
101335
261403
40185
913622
618159
944177
167005
512204
2821
299804
782928
118819
683516
321987
519987
969444
710558
824594
949318
127825
806955
427419
803730
952735
185847
425822
834521
711100
234192
158482
29935
559711
396780
762736
503759
594874
267277
207116
699231
236326
832017
236294
897526
555328
938688
363261
78033
118673
845882
847760
763775
623277
989644
609749
799247
643709
282490
624863
594228
683865
423931
621456
955640
794980
485127
17446
617762
331776
76947
737341
380723
486879
147096
827277
541802
561884
844704
763389
344481
444020
472928
319223
67063
203829
32431
206261
741870
123757
348953
758201
159956
864285
994828
207498
19617
784403
534222
844915
851990
73981
667935
247879
467907
781424
144813
427677
98132
724144
499061
448304
759664
230266
878191
85914
17930
264862
270437
926211
604915
169273
25023
701806
764591
999299
474029
428333
882174
777508
533966
691905
260397
47788
573185
75673
763871
825342
279781
436708
168644
613786
833142
55149
847169
457040
59572
285365
66475
304086
558846
55253
403618
145377
539970
579981
780962
278020
195745
393731
490598
642815
101538
711333
242668
878063
134664
796974
824033
249929
219213
870101
429303
240654
555663
987206
132139
538870
994517
767713
950528
472685
44413
522708
400910
934296
545470
410006
329099
900072
420314
301068
332322
563464
857263
211428
135207
763309
812814
398935
464167
869532
389593
81176
674660
930875
773189
847893
22152
937344
39049
393183
768027
493769
238016
398461
132418
77671
118594
947086
272593
881427
941056
724443
254816
705420
874962
223916
844970
230803
799197
96620
705056
207000
523279
127761
637915
617361
186311
389455
968622
495789
633747
541438
135365
199918
346253
785659
583336
850339
727517
839851
438744
869095
912309
329193
127284
150892
869269
465854
665107
701226
59729
374120
874812
385705
275313
18158
623402
798975
676308
449417
765112
765760
51916
872121
3074
151436
219536
974481
198984
324588
125499
773581
668843
527663
303133
73638
152197
196177
8625
111758
790215
161170
948751
253677
226235
147755
457322
527130
827618
457025
505462
81999
617263
505488
938278
467426
627088
904478
892023
108481
478592
261583
995546
11475
108618
422593
42869
473489
473540
102786
37314
579241
129350
636229
919276
481469
245896
673560
18913
951328
170773
25516
654986
600327
644863
62527
76002
36868
872135
382405
165359
409734
222984
127811
516821
875597
835706
559797
866082
469793
103234
897897
205473
544400
222775
4549
157140
990201
615084
790590
197775
281729
928128
41384
303140
287927
776111
126380
134187
39112
655765
841885
668557
333084
626727
325586
437961
190883
676473
105280
638258
697522
276362
776954
914794
848773
291410
95818
172630
717014
336405
600516
76091
711585
444795
187688
417703
210232
880935
876523
288639
380035
556985
755327
414472
881021
727336
489960
924321
656596
496306
159852
590813
517995
453915
874833
980502
592353
880550
690876
33592
881802
602916
874085
759711
531083
925805
188078
848375
677712
83877
317629
483194
587599
707286
622530
840496
405711
714400
684530
870124
81207
932051
232021
932310
489248
624796
957625
254962
842081
116776
95951
699598
760212
353553
721003
593730
897160
328925
804650
669880
811812
541187
777594
262168
118331
564724
599630
398167
83382
503733
896244
279916
161028
844634
497702
967773
350027
38007
463647
296524
191526
437105
104472
298605
311926
581555
389227
877549
109036
524177
514832
728004
537372
803152
217637
127210
960886
815597
304587
875570
806179
839438
978175
9362
809682
693884
28643
816702
394923
587945
495090
861754
682151
453349
822995
786536
747337
201083
691054
732747
983705
892864
838434
319596
582566
941509
635470
608124
10398
80896
406494
71079
827547
842891
792725
481759
545989
889095
289287
329055
824198
772844
121271
683096
577137
257388
413923
380245
856920
839099
495304
294891
497402
575952
197330
124594
649872
558508
995047
910330
117657
834820
530258
779354
912927
708976
8456
882244
964012
309727
392750
906468
369566
856136
92492
952462
254851
240723
726754
634599
694193
499257
897470
773502
771348
876217
156065
800919
453199
619376
403261
393664
310640
539296
493736
475449
846288
297604
181919
371941
246717
901241
433875
146431
957592
336224
170849
349794
904796
522644
225281
633332
528154
962675
652161
432841
162089
707620
399806
975488
184965
508656
504657
711460
609940
706609
852219
690178
116646
746980
605541
64430
140583
475529
4241
323539
88691
502831
507065
742444
291877
825948
786356
805955
853702
277823
530403
523516
728832
776818
366540
10916
671431
389910
988928
639840
943241
908755
330148
485116
684611
504277
270234
91575
449799
71966
175628
203611
382891
593762
70430
100145
550639
612511
735764
286637
319974
70808
65414
845927
722137
581752
399825
143615
360489
255299
798354
543737
563204
655376
574177
450584
916063
841614
562292
43968
393668
563258
103654
103764
414675
971309
567948
205642
246569
115495
341468
182699
109134
544884
397813
971267
238423
105515
374825
532268
974225
873846
481013
521426
389624
325035
837597
55839
316693
119467
442774
304619
663134
281938
602281
817558
82596
203557
696281
586184
394965
472556
812907
149540
299752
535843
383177
841106
774149
723536
782279
283139
490532
246111
348397
588708
693576
295377
793087
177439
713151
84466
114046
743704
625992
60691
254835
48923
852694
602210
687487
644411
912748
935607
23237
985478
504661
843038
566306
963318
424701
311482
587884
31892
605734
358468
196854
241577
983792
219377
531433
207847
867533
975489
654399
360820
498507
507599
340066
10133
148713
781697
896685
621634
95337
574327
461693
685004
208639
700349
461952
173213
516265
80349
881248
251658
752295
957969
91583
281980
588851
304736
533860
617872
286523
217462
412772
730135
283867
305961
421692
126549
642076
27368
62903
671645
416012
379042
385965
122337
163011
122097
767441
486125
837778
525863
519440
611007
787282
928965
11433
673616
359697
286163
546059
342743
839088
620645
342390
386262
398887
679530
520087
567213
641813
202663
117361
341347
544095
491183
876896
677513
877998
257088
709459
408537
161465
828080
568509
310765
140244
660841
608968
263374
355013
813809
143322
532001
158957
177675
6955
886596
483945
717973
808588
822609
320456
520056
183516
435989
190388
490403
361078
897939
629514
495171
682244
785511
58114
252414
253699
111842
480878
595436
65957
317654
598793
949874
498311
913223
319294
317767
1752
511068
280619
862482
916700
237185
118431
668062
238782
854357
544361
693254
636354
899788
549039
5735
520770
519226
595189
501504
163226
154222
340701
993150
253468
865048
525631
993337
787225
993065
352041
902461
362000
252031
314744
663005
779270
473898
495384
395707
874805
193692
32046
949498
120525
742911
822638
58546
337392
915292
491445
58685
986978
35570
427199
111332
992239
445382
88528
659114
159017
119444
330800
433943
99952
885374
166312
5291
865089
59047
129019
423780
99879
366649
948856
336697
898915
394682
327898
374481
959273
547664
787385
113213
239351
159233
62722
112871
847074
708399
880466
940828
776102
272073
269863
378027
39688
573305
563721
683178
897997
439135
69405
678743
383799
82752
295210
867579
109647
322723
580221
202419
994854
968084
856286
92640
92925
324639
715959
914915
412659
352793
560353
214969
203203
450417
97479
175329
950177
316152
19167
593750
699636
718110
304697
547247
312030
528405
329283
771862
264151
756330
871801
452883
436617
552581
733874
79241
107616
125427
782551
23076
501873
915723
902518
798827
238566
115320
436051
656861
83463
817030
516594
988792
425881
389110
997579
859250
103762
204915
787654
26945
96451
982288
767897
491948
558105
645141
427726
689839
666512
337514
26901
330472
791370
741511
165532
453488
230284
23152
207162
988383
860859
757948
25847
920293
870197
411024
209090
718454
735460
241212
149618
751713
490885
183000
328354
560999
870351
696850
586661
665339
512377
449685
206932
684125
403850
161893
191033
149453
164988
568880
81720
925716
116247
772219
65328
403596
868338
790942
444032
743657
66545
569596
115532
257535
915488
795131
306054
225416
629491
967148
384458
383458
686307
379052
241839
668079
55594
605066
301626
41498
876006
262284
494953
978138
66917
834562
916717
637541
193776
937318
75076
710564
291614
78085
843909
889312
432908
562745
805590
455198
194970
337640
37929
347875
643503
553281
828020
429088
287712
583350
873329
505299
733483
475914
380867
357320
564512
186128
815648
700050
256995
909430
519025
449588
908824
709582
667954
853030
527467
493201
594230
518787
1090
216901
259579
281758
810304
761955
342631
489514
968152
198708
257899
577861
831337
473646
737317
40581
483515
998426
778295
7390
245711
720436
308082
846924
999441
668467
750108
722732
917252
922724
248916
931897
866065
670115
197357
11982
60795
457191
159458
723664
174748
189328
418477
794411
878516
700342
331271
863322
258619
213012
308563
712017
388758
643544
168004
494823
152640
956538
181104
324245
469246
671203
5399
466313
931358
5514
979998
722033
169336
555572
588863
488693
330148
993433
754967
727382
437604
858290
55398
65526
146484
52604
812653
655576
328049
48304
142014
988040
630669
427481
30300
384548
11079
291109
286474
850918
509234
12614
283404
418166
429667
217387
125506
497904
561386
242035
316167
871003
157335
45744
615667
683910
212806
590762
606856
563926
88433
125498
429422
557171
319400
854618
517364
889555
283279
593949
209321
415711
773439
66600
866155
25950
614659
247253
280166
874166
980740
991834
766800
744451
547176
287936
208050
348576
224217
567418
356963
886716
261059
151923
66462
630667
220792
27790
5605
754803
230735
108678
233538
325800
112271
786097
915083
258511
935038
210991
131379
330150
61054
145539
279161
250775
158706
256074
609077
415246
703802
995149
209219
310819
997358
694347
77251
308540
801306
917505
71042
338906
923889
68620
120194
955401
187806
768054
79506
763411
545979
113674
963208
831260
639254
823854
389881
222473
622365
375165
731742
233508
494738
824380
274738
773076
900632
19018
144520
762480
104527
594310
394533
762823
489711
364633
96610
867856
851635
171399
645409
153647
890701
105183
296275
969474
617878
530951
817130
744844
702094
223943
577718
358267
258419
21492
427228
102503
952634
574966
149101
386868
37233
857015
581921
614453
332384
60426
96989
197529
648581
916631
154260
768953
744262
979628
873046
157077
629085
225760
881453
488657
644913
358929
683733
418485
449946
490830
679806
54466
465575
938345
887703
682759
968784
191875
465632
89447
332981
127889
684858
368164
440503
301107
620493
815321
590544
950643
63659
417740
143256
605828
542159
330324
670612
26286
298566
936629
222267
261905
365326
53756
176441
558254
649457
549866
719464
411273
721832
311084
279262
759374
931027
490467
507749
387837
125741
103647
871571
31333
593256
82118
693461
317073
865539
305036
500649
679197
115959
659964
325551
79751
823219
942152
41332
54431
777172
664992
190559
391048
990289
428842
672021
751724
390984
636806
239099
545783
619956
671723
567092
879505
11123
583132
970801
172901
440237
295657
879704
18673
453029
450844
839522
741308
825504
410497
946567
320225
938790
608168
233376
753595
157644
996040
807117
297934
186852
664184
368883
780565
80544
429098
97817
840939
423255
407975
524452
561519
858377
641488
485683
540085
378267
525548
437366
825487
117835
187325
405782
551980
237824
30232
494160
611808
948808
882253
455159
18772
599945
297152
988442
298063
718562
495
811502
380888
946121
1573
849765
232722
734222
169250
26469
784030
570911
447449
878291
776628
600220
344016
455190
777537
324144
12412
583367
312418
798334
418781
346582
952325
839549
892145
397037
803083
28912
479924
618695
266465
146531
482621
126068
397596
73961
353217
746676
890486
652491
159669
51814
425451
260541
100694
955129
374859
855767
107212
993891
724682
378790
518403
855973
256488
682666
875317
650148
671196
259070
952658
539509
624965
673773
381801
772581
934760
597853
910298
292891
976971
360433
961461
430875
253099
36032
109279
687691
552814
855270
80308
189413
822225
463728
582850
474971
853669
505742
304843
284816
151544
541208
5536
294146
913638
452618
239268
52548
20866
718939
394048
266579
799757
737128
463696
731613
435278
300319
725798
903566
357227
19188
214788
770288
690247
720566
477212
94394
357524
738081
487533
15316
504262
543403
508947
705212
266863
640543
902148
261452
397485
903308
115860
34627
444626
36733
276515
817155
496159
805391
717509
156567
343333
733889
163413
785566
16860
602051
696889
693814
391406
198674
319429
248899
377587
24995
938542
687294
447783
68244
60339
654932
105103
664273
530141
230701
672529
94953
412753
180590
37239
390509
696232
648097
953047
268141
366381
186180
849655
96333
635632
28406
706314
326483
281734
216404
91390
995655
610832
782154
924811
25775
638303
691492
263593
13470
486930
846011
205718
556638
219307
912777
357036
556740
304941
946558
164090
852563
820560
27446
835043
703928
833279
27338
8572
363219
236496
302054
170544
659329
168189
820621
175784
918718
775718
787249
214021
434405
723948
562230
969644
71958
299572
933221
363901
326373
401351
476060
352343
478102
525633
481702
44812
847190
381353
790865
277376
53482
141242
30940
829863
985176
97630
654332
709384
7674
639959
328033
253171
159187
719681
873679
169529
914991
864690
946019
229175
245922
408852
352941
101678
977187
480804
227660
520368
646821
715751
61718
7661
923342
211557
619971
132264
687138
725556
691739
824528
858137
210017
424048
938720
848997
848242
238640
579059
754669
808770
629172
979783
785101
938156
436770
162785
475368
853400
666374
847914
398145
278228
390273
636565
555467
772540
526849
630895
816757
147357
909151
733409
305613
198111
804323
446277
544771
9063
39718
807123
562337
900618
788592
750961
820408
442793
811236
407228
259366
954001
16471
93170
182600
128080
827397
476658
798149
437739
531522
571045
724881
358652
195950
332920
626135
547523
3797
556332
693907
570875
744133
147984
849480
8004
565709
502976
465836
249661
316199
668758
314270
12971
928463
521877
843399
983354
753381
744805
146279
10279
828552
361752
419314
284415
439262
609305
947038
588021
166695
345732
438641
981449
457264
896903
520414
722448
388662
480805
190131
285048
534915
960980
125740
857752
799477
373353
987268
571964
130064
175233
984913
184759
927228
740832
434524
830458
167753
535343
364883
761355
597868
884121
715439
144609
188134
482597
148409
541722
62330
705045
553486
661139
507282
106316
424108
695506
757734
584050
259466
35917
619140
896379
252175
444262
136165
701978
403261
209805
482878
87679
901359
608934
610359
807773
47792
980120
588451
763578
25626
115479
301467
806479
111573
54811
203158
873173
28794
94535
177867
64789
396888
887610
696123
889051
883397
595918
573289
335259
946098
761346
964259
14248
985591
512130
192202
326575
872623
836355
541904
592859
316524
242329
479747
985187
625462
527726
411491
138589
713308
878659
682822
382842
912181
658172
239020
808247
124159
846020
876082
712691
313066
861898
226240
93523
473936
842236
159832
221613
307559
440091
508394
226728
292591
595934
983486
453574
324164
539084
836583
510043
869678
652706
259038
557920
826536
371239
590842
752817
797197
114048
439235
739821
811896
137188
362552
633578
445496
196182
885671
968136
100623
465823
306704
998043
205341
499451
402626
30844
850890
895552
563470
296865
907380
999555
803862
744519
433369
402363
544722
413431
55688
598048
415897
127952
444442
760209
274090
87328
974007
603693
432604
100948
873085
763803
699423
307776
877380
789825
564459
16075
931259
478441
138651
229298
465159
960342
259288
527064
804535
783521
708824
3236
811444
773030
959077
904541
204122
175779
991301
98089
963064
420296
822896
183391
850197
903899
176103
429826
634641
942588
371932
57575
234121
244914
785004
678157
763985
908149
99607
647364
59402
259919
95849
592812
449483
44878
288946
567202
61716
973370
965055
78207
908072
89569
172158
625691
194887
776027
352609
57312
674489
235095
733671
112157
652826
850846
241723
739442
638341
883797
683772
696819
693377
286796
275357
113476
375845
579622
482853
950751
925761
940930
260381
128597
376725
674004
510533
394174
85951
30637
778469
238008
658278
531950
181437
241655
678997
825405
275396
556548
644398
759784
459237
741754
78359
521767
321304
589303
629391
805049
838014
336821
573877
323752
785874
575104
463502
549791
349537
632343
795005
68686
973627
430788
883835
660521
174715
952035
445117
162341
430649
667025
47578
300044
508784
599993
352004
842131
873248
882961
484392
305836
540838
445438
976508
797012
815168
693845
720590
873907
161661
770730
107126
789162
281934
116787
619765
108170
315695
68153
919533
205332
823591
38008
679823
152901
412210
305076
285672
216033
694826
720769
574266
245934
848461
351078
128320
918484
951428
232307
265833
533074
174017
915226
381506
37285
464012
438969
856982
846002
580499
772806
49776
959030
973327
287676
252978
731223
103640
303366
165992
461689
641176
275636
256110
280103
420105
424028
381612
40972
502537
479535
118204
838217
141114
597344
532628
279627
486624
997184
752702
756167
906243
244536
150158
200437
374609
903580
121317
561248
403568
74992
315233
11505
496213
850559
347268
114802
803889
94632
962870
556852
702908
972439
769418
235913
536810
833968
113877
918477
346114
440742
986933
962094
987629
464592
169125
501155
603106
891769
404103
100421
823193
609023
323455
441726
2048
420736
208909
147595
467051
429763
11200
980000
328814
433327
127674
310225
245159
556069
894726
39853
812796
674718
726287
201425
493384
214359
322430
389750
630001
662276
415671
941116
406011
935571
328988
832648
938328
754137
225057
506851
381600
522127
327949
194029
697452
266681
758492
255304
216454
808182
314004
511373
213651
242286
762365
839905
514578
965542
776051
607519
487893
365540
154222
966726
757116
660412
548617
853473
891661
929508
467827
333281
16889
492117
832087
352129
886546
416631
707087
402172
390775
613255
357734
136727
706793
205855
938880
411488
975425
342450
810377
799011
491597
693886
168411
221405
413235
127694
301339
815226
570564
679947
606395
399527
738962
862348
15230
983372
4589
743418
578194
74475
544707
148294
427452
41700
933884
618415
698272
659967
570876
842247
670707
102903
30027
774138
635122
482630
907728
576375
843373
341184
406763
670898
279626
882264
758775
104307
649331
929686
49690
532479
948782
734514
884291
866744
440356
193138
915695
968157
117381
693090
574660
100228
61288
382006
311408
565634
641689
92301
79368
703299
543029
674809
270380
370875
672463
358365
227808
315898
172150
234729
846882
650388
550152
645452
874901
985788
204620
735697
272364
525254
799060
773763
852452
636875
323294
997624
545396
472758
599800
86831
657413
368640
926499
919557
412172
183117
800842
806091
387570
149660
907663
383939
67160
673795
15774
368677
84770
596495
798096
393868
307293
176595
876047
417437
653891
723653
669462
456116
729273
541351
522534
354735
417767
726422
105139
436404
360197
938549
624425
436503
578676
730712
699029
743725
342046
169754
239837
47706
419050
393209
205009
399302
466974
129805
193540
668861
867444
847915
792945
970686
780026
345675
211374
540865
398977
521583
963473
55757
812567
720885
536817
163748
529008
46315
366241
690561
39591
454684
795721
468853
402741
871974
701148
393566
976020
251294
466791
35273
303749
532727
364357
571745
642881
958989
167895
568968
186845
588339
924622
226391
296815
520334
7338
306720
846211
458663
310862
932190
316560
65601
562003
299665
706779
71569
171078
842203
899409
39795
121737
105552
605836
350617
27824
528473
752565
405038
276660
646819
160735
482212
976971
432673
915105
157057
311796
698473
50759
408341
558522
384892
940468
562021
51570
153362
775478
847908
661587
653006
721882
653755
846560
425141
507016
928415
63592
271196
868884
532164
482126
240879
107973
991954
311662
977251
375434
248630
863000
662052
356788
367452
126592
152469
136430
168418
787486
832049
565412
452766
183703
714594
787970
607225
182528
98317
480293
518473
376365
67721
926823
186985
828222
652328
617603
589294
553616
998972
152839
613150
83912
505335
341283
12749
353657
981443
120121
525373
244684
380141
67365
605448
409434
921630
539578
827222
942915
758149
419564
940239
106814
439047
43193
373885
300859
645907
751444
45290
256181
419011
40241
801872
515592
784394
996576
748071
603218
587816
946600
869714
635251
979209
216619
923792
547743
312883
943782
329141
833253
447894
942211
127961
747004
380229
348906
777116
93673
852847
147210
545800
102650
475081
507265
432143
654249
836252
90689
927276
131873
590234
50868
210315
130706
995139
623653
692481
633582
752180
195221
622671
350621
424475
420562
771886
283437
674664
86176
548940
859496
682251
170804
346664
400575
665664
334064
558781
962121
373820
272484
403380
635047
726904
893824
890400
649255
28223
537918
224288
634356
266637
689738
591512
78981
812160
404856
978414
57848
635148
894942
742905
65875
407347
635591
876001
909835
209599
553623
901919
881463
496591
421732
777407
197318
351544
712173
515272
82727
118956
579717
308106
221073
410173
552417
724945
306994
495204
19102
722170
492100
985016
382986
872912
303677
413621
40135
749668
826455
256187
764274
221924
970206
281461
871837
82105
526288
694705
749401
991836
878203
465368
245541
706128
269603
324598
443244
610090
125023
289479
585041
672406
94843
172458
318840
898073
907176
887411
858993
131867
596816
239589
931565
597660
399580
190638
426310
846305
151441
461990
160830
166773
860242
337565
211857
398622
684121
427266
645383
640854
146259
562843
268140
422991
343778
151402
904781
83932
389972
605753
292002
540670
579111
92398
445251
70754
848118
931480
186022
831989
867480
874481
781638
677338
869852
647293
427457
727267
823761
9742
888518
4272
924416
495558
724859
86485
223202
519451
236426
692465
897210
192998
956
33485
958448
541374
373807
910907
115677
79486
501812
228486
678661
197781
406741
211270
805199
296338
670974
110420
607295
743777
541061
350694
637677
802685
700762
189218
227429
650213
409558
219630
415625
129438
565124
435527
965984
403614
325765
394826
304816
97494
537013
936071
894425
623605
529758
127415
930471
174640
447089
824076
288614
29082
474704
638986
555879
954477
493130
858255
462104
737391
754560
675926
143510
606215
565923
104546
919639
853302
25554
716790
314631
469429
427652
58521
20800
913129
377453
455696
5575
588406
984987
160656
961002
370759
640867
428923
492781
98266
630756
321395
552339
587074
609701
370774
710383
381318
473782
333464
96765
140000
574142
754561
987618
677006
748551
401987
508444
933683
86161
559160
271319
385254
832946
567874
47926
918345
128444
241331
234206
649339
462110
182989
330491
222676
318110
738365
893596
562849
922444
233415
456961
8800
875983
773941
182181
943985
809237
314657
892702
374954
361611
731242
437359
848176
989040
367500
719750
51766
39729
493374
245835
254737
187812
459020
236597
464503
871547
285187
845294
657243
119925
418985
23773
367828
315200
622829
299565
493092
177015
474740
389425
589917
825278
798452
964036
36252
183011
838782
346379
549748
852676
145137
240000
50696
405013
360430
665672
423968
115832
537737
226773
983109
586149
792064
531521
724742
759207
985044
153516
416198
55588
11687
692677
90191
601088
828409
736029
394789
357906
77995
570151
434080
861134
545735
436851
803204
820262
363039
789722
66798
54550
603453
421470
174427
408575
881261
180406
440806
586731
500321
736420
794375
565955
894504
601460
461354
893269
685449
818578
175542
147610
740485
204527
835510
808626
293966
910477
75951
971952
552796
509046
559637
228280
175115
111182
271320
778430
750291
688918
852700
627564
551464
830308
289092
66076
691485
831084
481676
586408
388821
983061
668117
859268
547303
514193
830859
436829
340558
223841
480769
55964
887059
733099
270142
494867
769891
347114
851075
986943
117579
885587
13847
653019
479356
918095
589651
259600
787805
244800
445244
249114
166968
135036
410214
143063
415966
8583
713958
109409
327799
516184
48051
540892
701113
435895
965747
269556
529797
715790
145471
765735
904527
455812
946620
40169
896844
389910
276370
379370
343398
169476
651099
137446
937183
221326
340541
10415
897978
916738
496057
947314
444973
832007
137623
796708
245323
772487
890960
82774
266996
540809
173591
71158
526173
300976
310675
215344
308083
847721
733557
323465
976651
39600
86669
406834
929992
163590
921218
511865
869848
845585
41741
899952
500561
886268
176437
74207
374049
985144
296534
40364
912384
70440
235655
818146
402136
293186
165071
544471
323127
743370
494300
12858
332724
554108
406730
993833
576124
656429
248048
505088
813315
901319
121637
433742
125802
569593
490050
500000
240538
970605
615187
766132
191200
684560
464708
545393
241819
319677
482062
825794
225319
903342
805537
928534
798552
151752
420376
404611
198335
839306
380534
693938
781497
897945
114168
623831
178465
972966
802353
882236
933139
419503
42588
992842
887150
66008
118528
146595
128188
952448
489044
984037
493263
609793
449558
190682
219530
617310
137852
907159
649762
301756
812607
700312
738988
665685
18058
821569
530334
813212
632516
328725
807357
601152
750010
610257
546086
720367
740917
402872
874499
692015
509529
91489
315739
415959
753167
698998
401602
139531
978154
337453
730012
782830
738523
530521
728387
831637
840297
148244
305749
744741
867067
281194
862696
729724
287940
400783
418296
916582
336036
255824
667528
206437
34967
358375
722053
541961
619903
548169
554149
699473
504613
5459
369526
373888
28530
968329
863652
796539
678673
876939
409728
85210
653762
778996
941250
70326
390596
440741
878358
998660
378462
197633
833533
939152
2520
366402
247583
777729
863377
831659
267188
284960
674388
448568
378854
881493
658616
562614
828089
207437
569181
235643
151843
529569
136552
106129
84401
76427
587325
773422
832292
765951
536463
342593
312989
377227
753007
638558
188908
908711
8636
496951
682759
965266
398467
260501
58311
560822
276846
859547
901891
170464
775193
836768
503847
875645
491643
314855
473746
895221
302181
491817
287843
269307
3523
984951
51159
149722
275695
117399
81118
10519
639463
79334
653710
527716
404411
189581
987039
596355
231361
217506
783031
764438
530787
946061
83974
924862
483340
900406
182257
702716
916999
465188
193810
103345
165283
646808
830378
971651
876347
582918
88555
290496
211694
616330
692609
391282
651965
888836
446215
529031
741917
474768
881443
998784
40069
324869
632710
481328
865148
256972
327965
702490
855345
227736
378757
141042
927847
463327
504983
876722
246079
161918
14318
963212
717023
434903
883150
149527
752515
341596
699226
228956
606139
442461
674602
944931
145776
751532
795291
176816
66744
101650
616940
847469
905998
860801
487810
176424
961193
125875
255627
758712
289710
55281
984563
256810
309222
706793
212621
766161
186743
782527
7985
868383
223330
662180
940236
52375
32125
913644
93890
582897
556714
165592
945378
56026
888059
361475
841657
245313
592779
502203
353485
793953
331439
450597
456534
208580
470988
365369
896143
302680
787012
787742
29434
581924
310334
117125
907205
27664
292480
917641
167209
318918
535517
948740
407560
810248
248273
808512
443495
205016
894267
519490
684910
289074
218925
327318
873236
575570
390403
699041
160965
20023
558851
709977
6785
739486
989395
234951
231209
50796
204629
759384
58917
619235
829910
906876
340689
173247
287926
29519
639022
236919
304137
558735
311433
369121
161372
260064
941970
94431
680803
716029
409013
862070
105136
833021
646934
233431
15886
927457
126817
215397
478083
156606
89450
751204
606022
686726
974824
549537
255258
673867
367840
723196
870601
952489
536866
9567
811327
866496
104287
324599
83682
126890
336831
372021
126388
188283
560954
335681
974302
176822
904314
128909
496951
63593
968094
26427
716153
552612
392835
901964
86887
564421
336959
390422
340677
747170
944351
553387
311929
97365
899149
145555
249993
370849
592145
540365
345198
774368
941274
441581
440205
537989
923331
68484
274714
428739
612424
348366
756172
663780
844875
599954
194210
535278
5461
785328
342792
106691
960463
192777
235968
448433
879874
580708
270990
929168
905693
590133
883600
792183
531731
361043
481375
602812
852247
503552
281957
321206
986415
947297
827437
39266
142261
524305
404980
443816
924614
834482
697839
926484
125128
740301
793754
454629
224752
285700
254477
475807
639925
684802
138853
948416
493185
265163
627924
818310
78124
797285
186029
548599
681771
829034
424170
654609
47762
801461
790504
783039
680767
364412
50446
182788
723019
855582
300869
489603
658202
21065
774112
722737
631768
81016
984686
219811
590587
421210
705396
964578
605893
461039
661613
755423
584154
22550
87724
321485
791236
774421
237633
230648
514968
158289
981088
748225
409716
11102
925109
702090
563073
94070
752190
821737
812033
600290
506297
223799
298348
497419
619374
425607
896142
41182
222039
267472
759391
742113
120732
250325
340851
11025
333337
7328
438084
593209
108423
370391
499319
409942
82947
843737
721527
515142
96239
688742
537327
495946
316821
423863
474208
370312
842320
47023
251388
558037
189122
973192
943690
908402
566480
39482
400129
235539
402291
615971
468364
309123
893225
882715
341480
268892
537258
278949
408909
537727
135638
140521
144252
73314
673492
35903
236061
177169
583066
34614
694949
763860
376246
427777
568325
648358
22336
88863
544164
5136
714078
367692
158825
296787
236845
980236
766651
563188
423219
223667
733444
487000
324829
13642
980120
290048
911923
328232
708290
750693
636311
564594
905810
156513
547051
962345
81004
474408
951286
240756
118594
468258
989722
338191
898047
546452
400344
502841
391888
556601
528903
406585
217111
242530
746658
429041
583785
668614
765309
80164
955042
818581
74487
926909
738364
13702
431653
639340
575726
60188
899625
54866
761542
201794
611112
956251
546226
426763
140144
439087
963412
572854
201984
272579
609020
812287
312558
299095
797366
978424
211355
601596
908419
992714
202097
368121
316586
918455
74624
475783
973962
880615
441053
450441
334215
570594
42018
619841
788612
981624
911678
304586
503723
502157
111726
232686
533227
629320
640024
708784
358874
323948
40043
345386
880372
402274
633881
173463
348589
137455
186210
899437
447165
26097
403573
978509
353455
705438
279270
644090
46993
221134
225393
31569
829923
235716
290681
511521
645397
696404
409024
298404
766233
243747
742424
926195
408920
494016
470652
355734
345457
71098
282399
418853
745094
86433
284888
136662
187505
980986
138441
900821
361226
667852
317163
839186
220285
990611
310103
938022
464361
362696
370624
795914
393195
904684
166304
778213
230748
109042
476114
745962
962081
161610
376391
796694
45833
605151
5755
493980
813512
161834
926457
628588
677007
352057
812585
464630
809238
64767
173468
993706
127722
600431
335207
972923
627025
487849
629280
179021
861283
168717
401102
779729
207839
150396
670264
196208
746915
566798
320705
928091
244326
671329
37402
940642
909754
30467
947573
931381
544498
873556
421323
171258
658757
602208
710510
154678
960141
926580
105455
845503
928910
944909
611014
445985
180128
100454
379625
469140
845109
638769
527249
356943
800586
168934
640916
698327
427734
625426
275143
523451
102443
814067
896077
284416
830637
931515
907662
598114
207051
418992
861246
453736
247714
192701
574731
465653
735832
481778
639982
576327
373326
404549
168563
278890
839934
285228
267861
349756
123898
148821
299397
368188
424928
984262
891026
270595
965622
721643
633187
125323
500959
219737
855686
347377
816118
646786
276681
742490
229414
475603
96483
492694
608462
835020
458652
835118
78320
689294
143860
845506
79219
185347
445637
540175
532432
295173
549172
424332
723723
381063
957962
741151
228609
868179
533554
359439
898639
303593
953086
393198
851876
320327
79667
239480
393040
702439
283236
425387
642215
370754
340059
67183
100036
964221
498963
66561
167931
743315
724909
699548
114766
313381
460502
348135
138328
654980
170062
802276
710354
793934
388298
493881
939112
569966
115902
493082
51019
880620
520039
714031
435801
750943
573488
152184
677305
530870
264107
783269
737856
645126
331739
71953
301986
656618
125314
556508
125988
20569
312335
783917
536524
336884
207779
727051
701089
960641
213465
914337
989527
621731
560608
85059
676987
787006
14429
118032
549622
527235
534946
179045
114622
399689
689160
517831
28614
340437
995790
565010
969585
876781
463085
283142
482869
288708
574079
592814
979422
305774
447393
837441
129048
931388
973489
611942
84008
113665
625608
123333
761591
53879
532945
126547
189842
623676
154260
857703
626806
642378
550390
230593
667695
167753
105262
644503
463187
655948
496645
828206
391806
66954
35854
519349
737491
626739
879916
796366
838660
355633
465985
65246
350650
407933
819058
174357
457155
582324
653517
591112
866622
862734
354004
963147
835075
726169
53961
798646
591272
92070
860085
120380
568668
770000
692536
521035
399144
380440
709346
753267
855455
224464
254482
802639
571246
901648
573081
463888
538490
216332
25
955640
173920
469660
225337
430261
516959
886869
853005
493945
609349
983055
430455
570528
474133
349336
72671
223078
828302
746201
347703
56421
174532
952519
77384
522719
510476
27246
938855
460397
242746
661841
770508
828329
927027
894488
554016
766417
319955
80044
649906
443359
985238
280179
301270
486663
880391
450445
457456
532776
120479
204196
332101
456291
573858
805227
162331
832228
401914
966496
568256
87813
890548
581105
803031
739076
61770
729972
751585
276363
105103
285333
545608
22810
343677
909770
86478
64926
440370
751686
860273
44919
924321
355892
861749
876898
971058
712051
362359
999926
716956
355780
361646
345281
310541
608936
932539
601500
624370
647314
487643
128482
454881
870846
126664
653263
291291
310664
807198
27103
381584
352926
169575
556612
291912
696316
869176
18294
578284
297362
507274
781151
570211
570576
185353
582287
426878
910335
743069
470524
336209
543822
668642
896198
357119
150143
44295
502550
953678
14643
587424
463286
588609
808038
771362
309937
972414
651518
607089
160225
847062
379909
85033
214481
466953
386510
988037
723834
749908
413597
281820
389020
145065
458800
226768
272872
625916
177632
173905
613722
283715
338173
128508
616329
916298
204560
317401
415844
503878
836257
683541
561644
95895
410132
13952
476608
939895
817743
958608
635405
235670
51223
700450
916392
571340
847684
719996
982047
316871
76252
161683
781426
818068
160859
987794
983812
457753
700955
313106
930522
890512
817634
818551
742905
560129
363075
149406
176367
244367
202174
630647
840277
548832
427475
395794
351847
282168
953485
725570
246946
312073
105126
908872
520513
862868
167224
522183
194954
358648
743693
627899
326842
428814
476782
419399
88525
645948
174511
925570
168941
50379
418525
373860
303229
677773
635325
784779
77193
136259
259560
892256
632540
767224
789812
592460
489991
831044
750188
991481
778146
596362
33473
364115
862916
308348
655492
988324
581127
840114
718647
217636
806951
4974
737586
866740
653627
384369
15888
207740
582196
437871
442222
980032
844539
146082
352650
36589
843452
923819
369511
566073
733467
186527
958665
58793
539862
593644
707764
619521
253577
180127
63942
549813
694444
713796
759796
902271
593786
50483
645728
407479
289015
340732
109703
168899
286578
796821
681966
922363
875119
495760
17414
187539
951339
460950
396002
446217
467129
15296
853262
317019
993946
882350
13645
456427
667684
671034
794466
890974
328263
118011
526098
989040
491735
269758
76787
975481
872412
328811
507818
743371
152819
141814
884093
436322
255079
61758
978344
366722
402461
584187
883651
439010
890648
817391
929624
314033
599361
807592
61508
716886
356560
267542
557888
439511
252871
580582
40388
988307
965892
313922
308845
641446
221778
597691
131874
732993
274398
446473
730218
586403
935537
632045
440046
384007
446837
796648
773408
577196
302036
371286
513489
246847
784323
772343
131992
508106
475509
261566
32130
390598
688787
183793
912634
827453
125266
234866
138303
605355
121917
387318
56435
414702
931344
180769
995998
522737
53675
239336
559978
487135
739431
569455
602336
24920
530913
854860
688834
945804
243226
692716
893622
86957
935408
856414
477666
680397
160478
148927
987370
890204
521392
678972
974202
357408
211284
351392
781910
939217
29271
833816
578918
708132
762693
531318
858670
706454
922083
329649
485753
10283
188271
147639
699366
439474
790878
663446
75166
28197
500351
572447
798059
175796
532579
472364
601973
217687
125979
631558
592673
631911
381958
915225
841403
914733
146973
765158
876695
572269
761768
4548
129195
582805
259710
777413
653200
548164
755662
528110
652571
872031
771297
947767
117575
251458
955225
98180
776248
990291
394858
49629
407094
253543
324765
377589
343480
602486
167030
160790
505808
537039
408361
647400
323123
596459
804590
561572
351357
449224
986073
693911
168519
276110
490272
523822
424966
540174
46041
450905
92036
347678
46976
782815
363307
922771
115957
129348
56866
604453
244750
566338
507231
517573
964694
512754
169059
946479
135771
160203
764927
451277
297294
474247
401030
813546
485156
723069
856922
513978
3599
453262
628700
481332
795286
477540
702283
300808
405792
966272
431991
508337
378401
320187
745538
937018
81816
983748
78653
673532
495552
67984
249977
373099
710670
163977
920635
550770
945552
483712
898852
125334
426759
424438
57103
653863
536211
328604
512832
183496
346071
545320
590199
706637
76770
989966
207263
939148
569384
947668
15711
354211
438178
688327
212077
512034
787520
621437
937635
283032
122534
161794
931874
29448
355851
377173
243220
355573
38445
811227
593101
535117
602309
899700
797060
637237
337259
707379
421789
299059
24735
960601
78367
264521
464209
738810
974066
174385
399729
13436
867599
887453
641552
857163
428769
728357
349703
898062
631478
906105
86483
442669
228365
817735
293913
22454
635742
492594
20884
584941
284967
656841
629531
188872
470291
877677
473410
473409
274190
926270
685225
614122
895896
789545
221159
325159
989086
1231
732345
666886
386177
239830
583584
653244
118969
850296
538573
394040
985019
939830
350720
573285
285165
857228
483345
876840
181912
439682
66983
229642
894745
975104
354885
573316
71348
530595
566694
513569
786404
244035
399928
875236
695139
913492
648898
265602
771967
752082
407620
285004
229183
802069
877889
905847
979542
689292
687608
493345
540305
438737
297965
864487
677284
888857
220176
201222
108804
893721
315627
925100
135402
774654
208500
836238
563577
363982
53471
241413
820316
586831
255562
710455
356245
438903
71824
434941
846097
729679
309303
146896
892710
753331
822378
290935
221718
567172
925485
522896
497400
721909
333884
461728
650742
453561
192622
615550
724434
510681
243770
45961
160234
6892
595919
969483
374598
847133
212077
826624
716683
205617
501343
315337
822659
102722
997474
34984
635434
504769
594114
342658
72503
131088
233948
364721
639976
941374
244715
632567
652718
666087
554721
11249
851613
268835
320182
519541
71359
668526
343430
710548
958352
386025
139147
894816
406326
7184
673797
629998
951385
748978
433189
528579
253878
677682
910807
184113
52272
840080
726965
765451
918438
860698
737931
409596
588081
68961
537291
993446
406380
444324
754884
888788
937112
39667
70599
69905
829662
583246
328018
265462
442033
734464
102025
905679
588888
993693
601314
864446
619448
518526
73086
877804
378811
527541
428148
56980
746468
67778
894159
744014
597737
624497
600338
567
651233
200229
362223
773882
463354
303798
741476
373723
572036
476311
469795
980053
813404
155022
67747
785319
423188
419673
240162
248156
659951
464578
300505
247297
997575
322615
653769
140212
770371
196524
868842
639163
594621
909129
811640
297237
864522
698858
858590
266201
208786
12913
996908
664184
407439
661880
604875
540421
607246
571460
966483
180885
142408
751960
702192
526950
148061
11494
317425
409606
524045
135318
380947
703504
523075
958210
284979
564317
798414
977866
308129
296469
331044
643399
244271
75513
931165
193915
423166
996707
112402
733786
40320
671002
966899
95162
147738
218726
202569
523794
997121
850302
46897
766581
370418
7944
172707
665450
602347
555500
766766
185598
694183
326222
396481
43466
773288
692127
302393
751179
258317
121965
912254
950557
222090
130271
818790
932583
927707
568793
596288
751199
667197
317415
810331
431123
845674
934231
284582
233092
292019
736692
557535
725267
377517
858019
697322
219361
549963
310687
670286
523211
585293
83739
794022
930717
800075
380334
467734
968652
236300
960312
713274
805347
848124
873903
743765
145827
293829
958763
216413
766896
203876
694784
634041
512862
791612
948466
405598
775706
587459
12975
922774
461440
949717
907412
250884
588683
7381
162046
499732
520436
829700
483560
534720
759603
685938
394719
50592
122474
789767
551274
292222
874873
132827
993808
53220
625835
929185
280339
920991
685538
49235
793703
61144
258484
718227
808975
362726
94678
285436
10532
162977
454196
582767
568602
960265
634279
855883
37119
513507
447591
54878
914479
374997
814097
277176
160989
27494
537249
418553
725093
418238
537042
998535
557493
527513
569275
879404
980945
845428
630506
264178
699585
828893
638958
838968
233609
825120
8874
472847
400022
828215
489357
582264
157432
996879
996086
369055
936442
118861
130156
988444
374428
835219
379660
665860
705171
42665
469977
102153
169218
472458
949495
489317
864932
616646
355143
292157
839555
242997
726798
4681
392121
338113
614519
746315
81559
350613
798659
23965
229718
298259
917718
52419
633189
743065
360722
89076
723516
333666
559877
326133
960813
320595
390163
961870
927622
303582
46137
198896
566520
453862
615313
874477
997210
135118
555605
583089
147442
393436
19251
4091
861697
961130
244804
676033
528735
958524
629798
715844
82768
743016
99885
60186
132031
291062
175866
667442
324511
271048
349158
142804
265570
778091
247892
439906
307508
245028
155930
245302
691649
367858
375173
654837
894414
374378
730296
738430
203324
725414
980594
346356
266863
224171
139999
889152
960114
52724
832741
980977
862350
462645
669935
456468
116722
61744
665611
99214
39465
590083
795758
903928
558476
894247
4633
371630
80895
525330
837520
542803
643321
344555
36189
142751
18135
371537
793555
843746
762441
569687
837572
255277
979491
955693
377657
426378
648797
12332
350103
635341
486967
892632
219886
999840
28757
249407
475001
369694
768560
672598
684894
908866
75862
54261
88685
910983
217363
800197
556470
698506
700406
679028
932621
853815
949550
157103
165278
938195
128905
142281
906714
418586
958368
926776
22488
30087
232344
355829
145686
598314
276637
533221
31299
650321
192424
50016
273886
656399
815131
884879
209330
341581
616324
653369
232699
164842
568539
89385
735861
830290
695699
369110
931943
754678
937257
370705
158228
819218
526341
787416
959281
891003
160245
353706
943523
624606
636042
33997
318087
546978
510094
849092
123374
523418
262264
344203
71108
780839
446113
714829
739239
556443
129226
495701
86009
846701
328592
476333
85187
325285
715066
968813
545883
246267
139492
156819
92156
175163
302177
554466
660437
560310
936235
200717
573376
595351
745410
714106
434231
380410
868177
697415
255421
683623
664731
465672
138366
126337
243730
358171
498790
910741
706956
79468
322667
363495
597570
269231
147205
845400
150843
314317
809666
190565
922918
845840
677424
904701
496398
315071
825953
604371
995506
422303
159502
176500
358888
8532
646117
607589
934098
596624
353706
369586
396517
303939
75955
347097
495187
759677
455700
736437
851006
113755
166780
112140
75470
198180
555754
449992
770468
630952
576511
573592
472155
25584
809677
504372
689629
615963
299724
730682
967532
935486
148956
279776
977928
609063
612100
92660
340545
408013
557391
404270
937856
499877
653552
974939
71966
288371
148722
468248
613893
602179
168271
441415
44786
764301
20916
171335
784463
205006
749920
553679
808250
358346
676369
534622
320276
866116
575665
939268
765118
318459
849376
88895
393507
510181
331006
504483
767337
685932
343394
676185
461839
320198
87887
723890
547244
134303
338799
642924
635868
321710
837030
787595
870824
812693
281680
383367
550019
549335
499385
843308
182755
554271
222436
298139
629893
342051
307001
222952
281893
865671
687798
881579
566836
655649
329120
342039
75328
544712
728831
450470
591136
474501
251065
294561
117901
920395
797319
695188
588130
413853
976114
784206
885430
718550
420725
435439
933506
942889
892710
52411
681822
305180
937137
910075
671736
598299
408791
228503
173763
35649
537502
858955
935367
375440
34258
385752
108940
902815
280065
524756
933119
985953
776782
355307
239214
159356
708969
687243
373176
255496
891383
960976
261576
951314
801226
444515
536387
288530
51070
724068
897625
563300
417576
711012
907776
890481
572828
888290
149730
936872
936942
475915
538012
546870
43389
114772
252286
224837
456842
49894
967103
721088
550170
578105
87739
68968
495751
595489
310144
173982
999359
770068
150002
414307
38644
603482
253952
565183
734787
902006
427373
776673
505940
120117
937743
57508
866879
976091
780103
667232
401892
396696
691155
669803
733999
156716
807396
216622
546433
519659
66847
45402
556331
17577
622004
520916
237621
572912
64817
453683
523929
106200
54429
445748
441060
877808
813841
964570
596442
123651
964432
716848
975077
147411
24665
814870
53608
74211
34742
648770
10900
70348
399668
892923
464993
316537
782446
690316
626814
100761
134910
142003
88211
420045
184449
300686
481020
712992
536981
350624
645900
543651
489122
433520
845381
932345
317542
32893
924149
837085
580032
995730
468694
785441
665975
456011
664834
635888
40308
152657
463725
234796
112165
749850
391575
859663
729246
426145
133482
966138
132907
563261
32318
582427
333497
518501
493045
198678
770916
6618
100380
987002
467
575813
665306
182909
739886
450277
859897
714172
144525
719886
241055
523504
181445
65716
869376
545556
182083
509030
610634
909296
43795
787708
354590
749947
725845
509459
144264
301646
411052
242839
543177
707494
627203
891942
336561
601348
526528
744165
645358
223250
742059
753584
948190
88399
78387
500680
764044
857865
415421
367099
457347
134319
180024
248943
296666
121121
735036
939845
262441
147861
65289
925393
572365
515578
55342
26070
878491
378701
700100
535139
84983
669370
337382
504425
667526
526062
801754
426389
325534
22443
300336
353025
706069
648186
896178
233557
280402
852526
509543
85344
946080
896791
512078
517337
620749
801252
526457
613147
439849
980583
901632
36078
769481
365777
551459
163769
262342
482521
