576320
1742
74230
946270
371474
154604
811439
116682
97150
41723
366714
57768
195749
525809
118378
324664
575552
435297
285534
840884
666803
621947
655862
184992
500304
351490
875534
267278
799214
901794
852204
866530
416825
345461
906490
740444
448019
15668
362919
691575
727796
970670
403066
720132
475735
532280
144119
39153
663637
639219
951008
736843
49216
278519
410987
345381
764724
792017
944386
524944
616808
896682
780096
207752
533193
203862
854029
425261
802138
958836
323815
851211
714361
310587
10061
71234
36288
277352
253093
622224
587382
406370
166082
567014
941503
366372
421747
938868
457920
183350
677370
413765
740165
80669
652137
960928
350487
665821
967621
447766
963043
802776
29299
416385
465464
746093
761135
909665
692116
496956
146681
93368
873993
903749
975409
712679
284957
333277
249418
942001
981126
84793
69505
377524
717091
156088
696567
434290
665014
78644
327095
122027
586933
106696
819335
530192
914460
137648
290570
584342
454552
685922
438273
896538
415401
350961
660527
629650
381331
504042
95426
845934
650878
484431
349940
135256
759657
490610
735951
176965
112364
983917
315880
94340
106814
994487
417280
56996
181335
256449
495330
689122
236776
242244
477985
111999
567062
861336
894303
566385
460451
55131
81325
140347
188721
941271
969969
535180
726000
697995
552748
728604
495036
927882
558765
687120
917638
216676
191509
887937
831923
557225
220982
252556
109377
105512
422938
905634
725649
624216
13714
263641
304353
68414
579716
246247
796763
611874
461857
770775
983981
210063
19400
406375
831497
6418
165136
707095
460463
713814
815153
829517
209280
221502
578125
371614
767108
792307
983601
605953
130199
307858
188403
446793
766273
170909
588696
977933
765745
706596
783757
719651
110215
970881
81114
747440
634394
597209
469548
275532
220563
549360
245111
314880
126704
535780
436756
379667
70181
856848
998598
761367
785936
568391
13626
877840
213128
118784
639219
875697
569348
644621
883260
28286
234099
811934
828796
851114
561286
522956
17385
471902
851025
966075
402635
138679
986889
481163
362885
476801
591451
789358
246860
36051
476058
388898
642931
607183
570526
974453
823227
654240
717549
298431
304077
34462
337083
553996
985540
303628
124689
570641
505949
433817
489910
804919
109833
15049
518844
10407
509140
498907
64267
918019
82461
465705
882082
151758
162483
330255
506057
294295
754340
653335
244619
902927
517219
50824
524873
72666
962897
702547
222273
374832
432644
676765
20367
351097
692251
131132
109599
286899
73306
435006
193527
945748
199575
623526
214090
118685
250683
669869
744997
614396
463228
146113
278401
993308
662752
388832
836621
919174
334503
795092
55492
87550
468683
775856
810876
690326
177072
871657
511773
232460
870541
66003
690914
208763
973502
931268
876966
531700
785190
301261
870958
769946
684800
668892
121671
28403
497651
427007
22155
7470
819359
984378
786656
106955
285538
216706
616983
189429
860155
485278
268631
882487
49737
577290
638150
918528
912134
907246
265071
749863
218364
895166
678177
521816
596527
100566
947242
176785
551046
692062
470462
707299
675836
414054
592923
4665
414846
242150
939254
633403
576741
17011
964262
708452
419715
191778
527936
907724
389638
169985
847574
288545
488835
792053
456993
719699
685022
14840
977139
533907
423311
791063
929536
940047
964425
847408
498760
574110
711168
489988
887724
29617
678580
130299
463461
183454
869535
843124
406751
663441
872892
981923
841955
536099
558463
813346
661885
957324
309422
515408
736458
919582
84658
841864
168329
442192
734129
146452
271483
312783
134559
317287
260120
722619
582568
425856
428235
831978
107042
127187
382846
369310
139473
377146
574552
523944
18868
879976
177730
72625
121387
705448
592727
256242
205189
311465
786405
14527
43046
902756
440782
344853
536535
654386
587920
77663
277576
764603
56450
694225
525600
463483
807143
361295
12748
567155
113545
64820
62615
537614
450649
135147
619693
21270
836412
820936
717928
399870
848342
496702
414885
282382
583867
475422
213605
321206
433400
600630
239528
571096
941950
815875
371206
301377
363071
490930
866075
516205
793824
832966
123411
172695
861057
706524
806259
212093
118582
164969
757417
993729
525421
528717
253835
910106
764296
934810
924067
156906
887806
657624
954420
794208
693982
284974
179224
631215
112066
607629
17878
657865
897036
683682
91297
649200
349206
365912
937789
942603
340613
427955
895213
653496
103646
682990
427793
116019
179002
308220
128681
764166
23133
473581
93971
85726
33413
991411
474527
254271
349931
435496
755632
492984
27294
875645
980432
367023
463939
797987
21028
204518
912658
87735
519894
189890
606558
813840
858066
987678
826264
780030
896196
955973
423147
360213
94718
316004
948550
787897
72667
560314
293653
720055
751515
537844
841856
846859
718078
706041
11905
731348
852046
684803
654286
612
103472
771604
841496
486444
386942
78334
773970
495062
817221
81678
75789
729940
20211
681812
163081
662371
753259
746616
743799
647096
918733
72021
553587
101016
119367
819658
295219
261462
121942
313562
382383
496848
880792
178914
950514
478060
983123
949023
485297
650867
77909
844073
454181
767009
283408
177570
228781
557813
176238
599560
280708
835602
857368
739862
261611
19334
550548
633695
948827
244337
200108
161767
110960
604069
258375
751068
115759
325212
852439
854731
988598
547781
27214
908901
677816
227972
708639
221563
377512
929655
252369
926965
192838
544619
360507
56451
962489
401501
242655
367935
382994
260356
858274
334129
327809
389369
742294
680183
827052
328345
824754
339681
486673
332885
853177
192823
165885
959349
722537
229064
362264
331468
997978
738318
114128
52386
652402
283012
71942
828990
648854
126679
509201
716560
919105
712002
297643
318291
125958
461523
123823
702136
914234
143415
805986
38707
110308
805271
50744
978019
809254
401277
899401
752239
381831
36742
65025
703724
156535
191392
575992
810756
385867
809639
99259
173273
103848
919585
559518
780762
550442
443494
659594
383172
320547
668929
384118
744389
33257
56106
242310
554687
124274
931248
688784
363407
818350
804293
3669
914800
109481
391746
607031
116874
811582
326803
306828
688785
447312
711428
706708
103258
483677
33179
515125
161542
940754
704512
224805
826573
280540
12703
663559
267618
792469
555806
44227
920256
415824
148980
194979
796727
933405
138281
958443
482186
404293
193593
455102
474667
539153
934841
592865
988055
320745
240282
894623
389362
189245
728164
998351
373237
201040
223682
549379
108569
482882
342191
365
155384
192738
241912
823874
546003
93550
172416
312742
392707
223000
208492
220883
607691
693911
829582
611630
216416
287578
6431
801623
938947
232304
388487
642986
237183
420506
348171
642368
943672
818954
318651
89352
712323
204078
844253
658335
783564
357338
473265
243206
252223
496866
298809
73672
78405
5646
946211
4439
309317
251193
717966
733960
905207
902206
71250
791741
791518
637199
265087
491877
17481
504764
71661
