405732
737154
791776
820482
833792
504796
407815
361199
351653
771870
127622
655835
324845
702174
412832
829876
321906
462249
611430
360408
184122
725291
419079
673353
256887
938103
327779
968590
913413
599073
623544
947644
709930
947318
808210
894949
622806
982903
852745
194024
328046
989223
870691
293438
833087
93332
800034
851790
141038
654577
293435
302121
186441
712809
224999
500255
632300
349285
350033
25252
58572
1161
151121
110044
239793
677801
541144
929711
411011
632311
161218
505924
297743
342123
829124
991136
817471
944668
599583
456762
485760
376548
646400
488028
264612
716488
547511
339295
278900
214046
822967
436573
251044
859807
869725
495077
869780
41969
77151
168270
539599
205693
886723
586644
798563
672318
311428
422676
136969
144460
301526
21361
302623
313160
239139
197234
269772
197041
450013
982400
438150
376743
744371
319731
154463
203727
549776
124850
903717
215763
341149
798990
437230
868981
844335
87650
686065
283840
604056
97291
948192
458025
510884
587046
122825
14075
485785
757667
523955
601089
39443
540238
108927
806758
23995
774878
192165
181920
730756
83944
503583
983045
394156
593570
219355
714194
878563
467048
618121
675707
751520
732051
137128
994720
537822
230252
54570
205613
178556
152005
798229
671003
208599
366059
767383
485348
148435
143712
268873
469559
437186
816684
17586
504676
585379
218653
794193
561740
52322
359574
18856
956220
24532
620843
794911
132164
16452
832868
270637
773205
673692
471667
111210
97456
651001
782174
10941
117900
665663
59627
466526
608836
239577
328165
341725
973306
431908
861899
852199
221143
183376
263527
215550
368609
170305
221442
433832
55928
887734
840846
523515
523794
852588
334804
212464
442229
478422
750950
646669
630848
202204
514744
398663
86890
342056
265084
367269
11585
477166
299173
353680
792536
536218
430243
614795
320697
783621
581180
543601
356011
928526
438256
270435
200244
419924
269988
454909
644894
463358
610305
404140
219012
31470
110694
420079
78367
868354
728037
399920
593176
680151
101944
373308
232847
622289
257199
26716
999709
52433
164496
74850
477459
777263
2003
900629
788756
355833
958209
581138
759471
947459
693580
284816
440017
444924
989613
225552
922009
206294
754000
541934
860091
144287
510260
62546
603948
394285
242895
793410
81003
179319
737144
294637
716943
115690
261492
186110
630414
15567
717500
998361
902436
118148
874926
352074
20245
562968
539842
451731
982685
420478
722081
158714
250192
213121
401497
817139
604293
618586
875221
612914
829341
592309
296213
458033
988972
42482
642505
105893
508120
250560
915751
518147
841770
59949
959864
709689
15570
91348
18869
72929
886136
447202
286920
860799
729053
594571
978905
964829
149501
641708
393283
802820
792707
581219
238577
604773
764505
209995
26106
70419
341154
725730
107070
376315
329830
907030
166892
951096
874705
533197
820534
249133
575321
839552
321006
135903
568759
319912
921943
7158
270499
796794
924278
965008
525079
631995
682450
493298
302121
248220
742095
79084
797663
167578
344555
454185
163660
175497
196891
107180
955817
615595
471412
141639
540882
595499
687774
21482
373202
186139
141717
502607
59635
87700
624679
700339
795756
998837
382343
400753
208201
737351
357137
452846
967858
808164
993397
828382
460187
842299
847446
419549
82677
906432
561897
266759
640304
18847
557018
107341
264453
650579
429419
413358
630355
127537
975106
356709
469780
138771
630043
457013
263598
206230
859817
100521
560530
823630
921122
954406
78188
190271
24411
667379
488262
212283
477274
828511
428744
209918
363488
768894
1265
424146
7320
950305
128011
293146
673986
298558
251959
495218
385994
880225
758070
754498
826318
764720
420390
795403
995797
751881
160684
955248
546843
620359
623838
54764
183371
926911
334954
80164
799371
370936
51106
533038
410723
750768
760693
458695
302937
841245
607501
732063
393648
596044
689347
219521
640122
222745
338402
230746
754749
776961
370526
12185
5333
771799
421136
386637
741015
847841
417903
926402
425151
753999
555023
420581
306868
227670
488392
43100
976196
847520
847033
786529
603217
692496
175253
99678
236558
425895
485694
228230
80060
816089
479739
326311
556115
234842
580211
969999
670641
745525
72797
268697
837702
874463
61439
404280
832016
167399
402753
314061
785856
381126
536581
182910
397281
991887
51344
593582
632493
530487
521680
929941
169520
208642
853406
64849
636467
484889
739722
678596
342304
363498
249253
932722
54320
860454
914858
52174
181586
231939
507867
879380
537127
990783
757294
182027
554129
907635
376161
752867
660146
206655
959271
400006
451702
959724
889696
327068
793920
678544
146037
28664
480044
52177
563324
183427
813537
457274
135319
240959
143762
822551
21546
738593
255331
33403
344243
163278
928121
33407
224010
562595
788662
142653
520901
988587
108969
795899
537257
479415
74216
873409
960208
172335
186729
454014
394870
235033
642120
522455
258141
144728
709162
679630
543919
754026
687779
412664
359893
26696
341089
654604
698384
213605
560755
470956
447928
146794
583130
207579
30316
751901
23722
846860
765051
976564
658698
107597
858182
223285
517588
134368
523022
669471
667357
957018
700144
583595
783285
997431
428451
416968
26467
408908
929849
587468
770642
6280
324598
111250
592913
1780
267035
37863
996316
262583
838531
757949
331897
730207
597200
442790
791481
448169
181948
908091
656841
358192
613635
357564
666190
101129
535265
940840
426895
591274
823856
105033
810356
866131
854241
766200
579621
566204
49728
278746
482952
990336
638661
662399
471294
54830
771731
982928
752018
666714
601527
591441
846951
204614
950569
421026
987153
638212
963810
25916
534134
5717
952901
720427
750961
307396
899826
641009
515313
825703
316942
474914
328999
556331
915795
789018
732796
363958
754633
481823
340961
523606
54001
727432
696304
412517
604893
796001
743431
417068
809449
150797
876884
480701
434937
647868
451394
359676
113057
379711
250908
34802
128575
620818
278096
921062
155993
590638
251719
39347
980832
723468
832953
156554
182426
751035
881037
377936
957289
358247
572881
862262
534520
68280
548453
115706
358276
54465
649938
439359
935955
941742
51928
520166
959816
76798
555755
921727
889181
694009
68863
558888
697067
166359
15741
474339
240712
868552
519141
137552
217528
223631
375738
308941
670790
132653
645628
978413
788553
595061
531850
511428
840403
574746
82312
399433
394281
892690
680910
204837
705796
874485
417484
934233
469402
70503
458557
423343
692671
790480
523527
233441
502241
738893
439393
235284
159434
374008
497997
636772
171606
771042
901708
230656
82076
739451
831231
256204
835291
219391
485201
121273
814974
83566
656876
176472
160578
495062
181598
763816
665603
290256
670551
790729
684300
694796
646817
308139
57504
691103
898475
67377
179129
449652
910608
43938
546326
774699
929507
473119
902304
336648
731740
872272
148282
298331
111042
261795
233579
852273
84297
272039
808097
885409
435325
910854
893589
267430
587431
107926
208791
704122
610367
470844
401983
311339
759097
496456
11772
118701
140155
650612
709370
129717
49089
693974
925532
642071
586939
842307
677233
730372
333870
691996
385100
849448
83620
652704
149166
672603
137231
492558
835722
449769
34592
375659
3734
102771
324962
385793
403484
8730
869820
32534
727822
859155
98168
416592
56756
337864
537531
419005
984898
962643
224686
898510
174723
757068
772369
74720
974264
674299
692544
242367
989213
360613
662617
765617
985828
506527
765305
493658
355212
148888
469664
945592
253486
615559
108980
669611
722434
605991
171528
236650
311846
500267
30012
492721
506218
747141
453430
912346
378562
987558
222725
553153
109553
902054
435279
179359
512830
494461
783635
418010
227072
696113
677106
344696
74482
617804
230096
352995
950995
19226
106265
311392
97353
623871
956992
958409
273678
907462
362396
204466
353461
509501
537869
697608
722441
336040
700868
965711
203757
652000
651603
636092
646206
865487
165052
986536
990458
267601
90108
922183
240384
571058
703823
532039
446778
791326
644662
61136
663781
884228
731738
373539
873144
348111
685266
370130
560677
293759
438371
405180
6386
892208
33063
652909
154329
638623
418006
31591
780287
356110
185291
868552
718010
847266
846646
246412
828995
927116
348237
372690
972750
333531
278170
165904
591648
455377
124864
598315
650285
432378
919431
706844
337422
63785
977765
558857
415599
889431
834657
899265
614268
486631
847012
813969
497200
880557
472336
574667
885206
395771
590541
619046
537896
868420
924425
4609
709685
741530
974154
755860
742299
404129
261869
352292
203272
987593
566279
678909
449795
865347
327655
210020
670320
468540
164696
88746
381894
67988
883699
699820
616371
330378
386034
329913
337049
380349
756594
899920
547542
13589
834967
904247
670846
990914
567809
713621
108584
139544
325845
814197
984347
63969
661147
617338
113840
167418
397982
290301
378119
712561
248519
901730
150624
495317
396267
625662
207734
280454
853296
413054
305201
295903
499320
891961
305996
403533
535764
938132
230200
562794
380247
982302
277782
787250
505508
458277
832874
825460
17192
100668
635262
35656
125859
658416
234628
665905
757672
25309
506807
195731
292005
691426
915459
970092
717662
474957
724078
694198
682680
416992
515837
367675
860074
718053
347645
610907
522901
878121
267889
785991
899811
675576
178806
702029
167973
82354
498423
975178
379529
653228
429990
838027
955674
805836
799103
355449
664187
361
418079
437896
387671
989129
109815
381653
18178
316830
856479
704193
777193
195209
540350
872302
678963
286704
872876
762528
198705
760263
586902
678894
948127
837902
704000
466698
301895
736156
997415
422811
120866
31255
690792
196688
276416
266859
506841
499255
310894
51841
232656
727689
272302
560332
965428
765661
594065
378777
456530
859999
133601
274265
810603
386709
738811
804536
735301
120914
261806
681728
936953
484469
228925
244988
376819
191583
195828
366521
794042
449769
398199
110495
500695
506385
510212
246296
20491
198187
906009
166988
599429
962730
61463
288370
88217
59516
932943
128079
831065
786921
332846
805732
625019
505540
337162
217261
504326
968949
832312
182274
534277
816423
392534
974828
191056
57093
422390
979322
574256
292743
30465
860070
366224
976385
466032
177748
552421
45431
203777
417721
754608
255875
239637
8786
771509
128663
826194
938105
508497
944317
817618
278477
351000
225356
845287
109243
796914
804475
155665
790000
239571
934562
845805
725395
618010
929993
698728
811624
730422
47591
829200
607228
944383
680835
703139
602275
54529
275530
151641
751420
441699
575854
292791
556972
437448
576605
356337
516333
569251
672157
373165
949809
451178
83457
62838
891479
540264
337973
425100
263020
980126
879325
659188
17206
492314
776888
124087
653643
917677
580512
767258
292882
812499
763669
995605
236818
256732
553039
840139
408360
628022
821790
693113
393196
835042
541911
351096
709628
915979
570164
675794
220048
489968
988608
859614
380606
282035
863811
325943
346292
635182
208750
866130
406676
562782
314529
339690
244840
87805
141475
223182
437693
281873
78798
791492
243822
353524
1441
968107
31663
251362
811607
406594
150247
67757
17469
471513
490872
252128
709669
238388
204804
676709
947851
410354
267632
172477
577518
34923
993342
136780
400943
989854
137595
284308
474104
632575
868658
368281
832131
594635
93786
400693
380299
945963
738716
859774
208940
292243
823086
503527
632424
50895
280969
758464
144297
630437
113062
682643
542822
121396
552135
318312
449863
782883
400206
252697
344822
92006
186600
189771
200344
916588
859693
361709
247504
683436
856887
399959
54245
647645
505958
42079
281638
511164
783065
452137
493184
764209
481261
226744
232934
69342
403129
843146
266241
487470
410903
404801
308057
731418
60326
653444
791534
400542
677527
494807
953897
918822
998102
103739
743043
140373
892670
317175
897961
215594
872940
279395
914345
636995
483043
29537
591650
47502
146947
776338
787345
497393
772016
637904
493639
522867
27131
202755
993351
586623
898920
527734
26169
603039
582881
794318
4123
410659
683010
628560
687903
228141
339639
172481
449749
692363
502128
798575
599915
593073
613018
956709
386741
812370
97440
4950
272439
882419
387083
759286
153701
560177
300635
616743
877144
203167
694743
588113
21980
893617
334916
59987
663880
749114
133866
780208
843467
1495
496068
833611
1035
40882
769386
852813
943751
677977
485644
311445
464651
442861
22657
711551
944026
234198
729585
258237
133122
49013
841674
250803
372026
167849
734744
205776
75392
683763
79990
995586
161229
342
858343
510092
751482
273903
350277
939553
868756
547677
768398
641270
318312
183843
79836
169383
383380
897210
354665
328580
739268
2719
69460
929980
101974
140290
224903
177650
405585
594147
999071
654118
280442
993620
555691
809417
479401
716484
232344
314702
238287
820710
213931
406192
702604
520156
510300
432051
722799
293061
613963
189492
60958
46203
589334
680147
226372
258835
377935
852409
524596
544203
65843
144203
394481
623693
803409
884456
995886
812304
28805
227324
902435
271575
149717
827106
722641
800169
776156
205945
393249
144256
461398
659518
119549
996324
757128
614657
832128
319051
596503
296836
454838
419807
19468
306631
576905
19674
96995
970749
620470
689284
88887
194524
800091
33235
201612
471785
848798
581438
492977
127095
509480
725622
419990
498936
60934
603332
985660
275146
223974
267938
742252
860692
995554
724417
128999
358802
801055
840910
716955
161026
541752
810284
350327
301075
446453
613152
268055
851310
190970
907523
696664
954220
221354
622052
106007
902269
965676
173169
680294
626832
332171
355800
189646
148986
725902
884954
713776
291208
548558
153404
838713
1806
634795
111746
279083
64834
390358
203427
991146
76008
294328
938598
356200
333637
578220
39125
235115
941558
151366
227936
535469
362702
491941
949273
60168
427342
87723
224318
35837
989209
811716
176778
152044
412575
880080
758079
400369
732037
527085
125192
587361
931436
294184
832303
31011
740683
351295
834200
412693
256902
809197
666370
879897
787698
663724
505215
368818
662493
704502
181740
22334
766860
570459
803916
969935
157969
314729
718047
711922
51347
174419
205574
706349
252364
721620
932713
724163
471244
96595
913884
782314
770102
28087
577217
149591
496346
723907
857310
497912
792305
4823
521085
17172
987797
118111
957058
24150
173828
490764
43376
443747
603941
558936
87161
71098
767940
437148
681516
729586
594006
158753
213312
95104
678501
747710
373277
143035
648237
886907
489100
109088
33087
668677
795608
131514
482927
198664
542561
484082
986441
891472
732333
131407
38171
508114
344445
548278
8796
521136
280687
740962
952875
330391
296431
163086
958537
217892
57955
876610
679055
548847
509523
627217
33078
328506
61597
578
761569
724128
848461
980975
325738
313981
995882
227599
24110
234404
608646
959121
530952
595335
466214
973080
340088
345526
556779
342602
565087
752836
538044
507155
898410
656637
614527
212588
80706
397200
512728
818526
140588
500356
893637
522151
977309
162509
682682
846596
866132
147706
721582
740678
63519
939255
145318
835529
905814
439567
666218
720453
191638
342712
225626
326540
38063
788744
225265
105166
15698
909703
360594
777060
36990
316862
342308
381209
673162
260505
603867
589628
544293
324715
445648
814749
410039
224114
751919
948755
404606
380767
745665
338651
990480
187299
743814
911286
779645
643805
955847
455994
96315
165173
441374
236513
259974
550150
821898
658121
336718
100209
424794
364322
377273
473864
242231
714422
544520
365567
44358
223755
284430
699257
185373
513193
650915
957385
895554
397715
866235
702327
995264
982158
977260
133101
848489
726158
307232
525936
118348
288591
182951
970700
414916
621934
760298
413749
648253
21300
471446
184732
4802
242002
216641
585860
584443
115127
292458
599205
751247
737652
663983
764159
259577
691934
538417
169492
418137
679669
36955
111929
732580
308707
974753
592541
352732
429149
459773
486410
700013
546886
48675
254477
980429
96851
294712
352036
769856
243286
582897
385710
984603
727420
253270
76838
632769
672040
657256
717356
98108
846143
545999
530944
728346
289654
798552
576014
597152
912088
412906
715806
462630
293502
321859
884721
24532
881544
109415
997436
59952
355811
290822
155895
558970
256613
498847
649666
191282
674280
457089
253488
232801
297329
630163
688732
489620
827306
238088
464032
998378
931556
777267
35817
488831
403969
470967
636053
924759
434881
945548
736393
799209
442067
8946
912986
112943
476298
698112
86068
235658
398129
631053
776839
148121
338199
505782
847246
602951
688347
358185
38310
508545
492299
523336
40261
812961
199757
558519
708269
930733
280441
97623
260202
722530
256125
854688
925336
90716
491861
863967
752484
895890
68590
88816
519058
670331
621981
11151
372013
885778
415733
576792
584925
965414
439365
850637
731631
980601
442583
557123
703466
903260
843735
40382
367333
587753
619168
69072
927965
217465
249168
49199
334808
144673
533820
197226
915472
712056
395930
131760
226601
285585
45191
933119
855899
166817
539595
92466
269342
820856
764570
720446
585377
783823
478515
675807
697116
568888
258157
495624
884762
680882
127160
35711
114147
371042
223403
62843
824038
270061
152351
121591
109729
749737
216173
543361
429432
566999
114514
209518
190455
131732
567597
644198
242713
20261
250823
964765
674708
600791
762366
49138
723652
519260
913869
401009
826507
957253
892409
492754
986985
767013
303420
351675
142124
803573
644229
150383
881177
214209
630106
834816
885491
943646
594280
321528
747667
769492
287028
314919
576135
383360
743035
593740
97020
168155
701633
992446
326771
359128
204649
987746
883638
895468
826184
230282
755308
607651
690137
892094
420017
538477
126094
803912
512806
160315
176603
951742
828490
878499
654172
740535
463143
992875
242412
433509
941857
624644
461315
349092
75346
167147
633725
846810
97329
555745
536654
722964
744413
537460
76803
458325
192625
598550
397313
707835
489391
48672
514451
682648
176124
655374
976910
376333
231494
801788
294783
478682
837793
588613
644554
333106
699025
729439
288385
271100
872954
934083
484680
86544
359348
689111
661051
150523
223019
111276
701149
924009
426521
6376
919989
351940
354129
29161
751316
94987
286196
962746
583133
249433
550000
315504
769266
871958
507454
984858
7209
601435
302827
28460
440047
637792
417205
557099
672949
596913
180763
542687
352201
263459
177881
607734
848587
102082
839008
705843
544281
163981
797331
252589
644033
740043
508189
865171
998573
120171
509809
41193
296567
272515
317223
712317
780756
132616
973128
231649
96478
157472
591100
57857
829339
191070
146057
997949
249021
248200
904081
930578
69629
308492
488054
532214
699792
827220
655866
991842
938188
685351
101500
109599
707643
456674
220999
376962
50089
430628
397779
771826
835422
635133
627504
848120
923967
745474
870884
692090
481665
875487
118614
405837
101527
384494
9162
498923
799692
226230
324868
975138
119696
298343
454511
634175
887434
207852
74502
978021
743564
121713
405051
901509
758757
834841
218540
266499
262771
819853
89384
939752
349492
976863
892697
579308
492220
800186
26837
229977
837879
237079
706762
953429
869880
867202
830138
252831
981989
357398
114330
448847
32969
493118
660266
856193
386180
286733
732276
431038
951513
437633
321346
167714
104086
36266
86992
999233
320892
144864
753471
551997
838133
71334
358523
832173
480100
239414
380688
229181
26408
879436
809636
744939
170953
166267
899848
551463
255167
78633
429837
937487
597174
844818
49760
830279
714563
111012
601914
463052
966936
151744
414850
108885
871776
884927
973315
85492
845870
858030
296447
795428
510041
936899
767870
246095
464514
239690
762467
893749
977972
23520
767653
279244
896266
917584
886907
91486
934178
800846
339208
44155
9232
893810
958554
443726
675256
206424
681457
821674
677027
533473
186303
172568
15457
266521
970608
144706
234285
385074
846419
848272
226820
753333
666407
809580
55558
499587
955168
93058
768853
272945
468068
506202
30067
557
677213
923971
419376
337680
907184
631019
829709
973583
172772
606876
73818
169567
718842
626949
533944
941587
12567
491581
448697
351106
378895
787853
866146
208305
97002
690430
132259
322250
67981
859349
180509
935896
522172
91207
325655
657352
304857
924171
472182
279827
989309
470140
33620
540629
907928
784852
233165
446690
123402
686097
593253
288380
117396
52796
629044
626370
431641
959682
901325
761108
665883
953195
403285
563979
295865
695646
949724
93429
614172
974941
343505
501312
60163
391200
413452
461400
638296
204417
625704
77189
684949
321863
61174
593584
394768
905748
741805
122123
47805
693042
575144
783583
98362
686394
77739
92090
988966
378664
158694
588824
969186
306754
565107
380520
193297
400047
203068
727398
828857
26693
741401
71124
606461
559253
996984
874595
608439
138918
678711
219096
217595
1249
526731
520093
468686
628532
630608
920408
504422
138277
301091
275593
519700
788047
17802
15125
284611
188632
69933
862287
820623
940130
648649
307623
545635
90893
945351
322008
658232
384260
374904
471744
877234
490727
47719
861757
392011
472209
263355
509636
741610
267396
350735
747331
433005
771333
466640
951844
186140
978953
890804
72428
626819
104343
807845
62992
24829
412206
933179
860801
19173
58376
622341
72632
358722
140958
960973
161191
436217
437309
661176
869387
725114
53985
425106
746820
280975
199690
615362
279847
25245
561036
922561
342743
63127
72129
103400
961592
721519
991285
352650
310052
865216
246748
870513
471349
104897
513643
342141
962717
268358
841549
341137
911219
622910
204610
677799
406195
725784
849463
533200
176978
697980
723104
632451
894762
578431
517981
217670
937670
731386
203270
70147
931140
376896
248921
278434
151949
11584
786534
781144
3453
143973
947137
606277
749919
190222
590269
190951
93259
670710
543225
36079
745838
941416
257132
869304
552725
941181
806467
912190
585666
340665
663725
878686
447953
175267
837974
120916
548001
620224
242473
991723
719935
961192
817077
83254
403078
867157
165821
652219
889223
986332
303253
507297
301784
124784
262592
132433
532393
695036
969740
225860
611847
55961
608320
141456
888516
641912
990614
609587
74712
214823
298825
231111
872347
35686
180960
397791
506997
383242
438183
253084
405841
307469
741031
202255
903264
132785
39528
291490
348787
720623
636651
533856
980902
925929
257990
986758
855007
814114
315456
337098
808849
509440
879590
284817
642484
343070
768076
72621
49964
3255
921394
109538
172475
490192
806141
316940
652307
363190
375472
374784
632674
593976
487057
502849
220321
368199
662747
575689
939703
673053
616773
505412
256035
206362
623143
724744
924769
80155
238502
126121
988933
344435
179892
591501
883466
290982
359421
848424
428515
844138
124945
154679
585246
226389
606333
519160
470324
995014
578468
718149
232956
194051
161545
785487
534113
937641
653412
470483
79951
43334
935505
244573
225768
330676
556187
935859
944011
858712
845947
978094
175663
903152
104744
479854
915307
997932
803259
67397
219530
101280
989244
440588
111890
198594
379780
527706
40490
333018
539064
201186
776538
733320
977546
851830
516362
317032
982902
400538
93499
497901
761475
933263
477777
61057
556049
162689
525530
394864
545014
736000
289574
12326
611421
79945
124727
136660
945278
219155
531511
662826
944569
555303
271251
817169
924737
53219
61562
891338
165335
464989
524843
741531
175674
370329
52551
171445
235265
896384
615939
998138
608633
859546
481474
640326
694124
396888
926666
248852
354875
379899
208007
875438
72749
250954
942943
930258
27078
172593
727353
634394
70988
123411
604577
692925
681465
575566
752079
355575
84144
461196
66759
571705
926726
97406
751797
591154
552134
558958
255245
427958
724082
256981
463125
331791
33043
736836
992222
877363
772874
1673
628052
18353
734135
821585
540169
394158
149710
902560
104806
855683
123881
854712
101417
560394
573186
356699
830679
62171
298075
840740
767497
332978
551924
920763
514782
873768
382198
376862
214665
996465
108834
339670
402631
654455
891459
24730
16904
900070
261195
698199
972809
198515
692615
369513
244917
614727
109453
815673
788231
186455
848719
767914
338249
96299
598628
383978
518215
780135
590762
970733
58297
736754
784282
977102
94460
646357
838744
363634
191873
911616
336416
636218
440284
593726
564859
975853
892687
556625
50333
695274
564125
932506
529985
382969
643653
832481
138325
855069
861290
963886
900408
192648
21596
403744
166419
902174
261140
659447
499419
403608
474486
892983
498937
860468
938025
649978
450576
192160
225461
845199
139314
796424
318358
267360
167374
207294
343050
801185
993353
215503
207183
69668
963518
508620
816227
618587
350651
345057
505593
522495
743137
54796
805573
945263
778819
921089
366538
836787
186610
369249
677222
372097
202727
830849
592009
330101
404497
960034
908210
521855
332360
497192
893112
756060
587669
214146
779201
50496
619528
528698
66003
380019
409383
486164
321747
789936
203426
520088
448731
31769
270829
163033
201161
482222
111804
725097
387879
406249
881748
830534
258301
807554
746946
678209
183968
359428
96397
641111
459839
197881
718692
145402
568173
75290
26586
24182
217991
419343
409158
803030
792438
701848
461595
300420
831287
292412
102117
323170
821788
348334
367430
347139
273551
683776
765671
369486
704856
954325
528590
82591
5655
271226
341481
621034
486717
398391
999449
760172
385941
458768
564886
785859
781445
738933
736928
643673
483388
941549
77715
868386
60496
412193
567677
47789
92990
749088
271498
594200
263463
52776
714418
386648
47379
295835
612273
949723
277115
107397
706342
810611
792327
812371
324254
638413
740578
918377
384915
594673
3614
797135
278326
871404
371575
468976
771153
803363
6981
660891
795198
952078
904546
839225
304892
576496
467144
413558
788961
367492
475622
485808
334083
711482
981141
149884
308824
79116
966561
317579
676851
134399
317502
973013
502315
424007
276604
118928
996971
601538
291401
488680
484601
887044
665977
523809
875428
79378
776530
142542
668856
628862
611371
813709
312270
235410
283705
7936
344274
853852
468503
902749
44174
271428
824068
249851
724231
989365
915454
47547
332666
489605
577949
439106
661685
619824
473851
661757
27403
701789
467911
775235
412962
108855
153364
118987
771311
631497
379485
337805
261317
294579
915535
291122
933599
859856
528530
855274
960575
260144
107906
958153
498754
472591
851885
207287
368487
518496
802159
920258
14038
990555
347759
916306
871826
472789
785398
13890
133423
129519
918601
195952
500606
651420
842711
970529
55378
459941
51856
129544
723982
250283
604791
157175
542961
130394
606052
229045
83111
409106
210689
660945
853398
48632
988151
12453
410398
403984
409159
876120
572055
465097
470146
330490
832571
98263
295734
425384
573890
185579
392931
359588
639360
750106
847090
164595
198813
935331
264142
111490
130268
274438
402500
448043
383228
799098
691981
334935
95219
443820
759059
41556
258794
117305
247055
377766
113808
680735
376802
185770
565189
651093
950655
141108
87073
566288
92090
568399
815318
748059
812087
554314
80156
157722
53228
889221
270149
551184
679611
668376
886553
331486
315160
567414
438463
269709
468123
524656
537967
469699
990389
371190
991338
818982
115922
90370
999119
19365
262097
147356
428079
277684
214028
947274
535892
565185
425446
239555
339745
11430
463152
865086
866164
542444
918202
994404
630097
84592
604349
656241
64432
610044
147213
560236
189519
670595
211005
383457
672071
929887
328686
675804
47911
991968
344666
583481
581739
352515
450036
855679
615434
268483
464950
741617
281639
102085
822778
326024
834288
49951
748779
371573
707648
163216
51449
894552
453518
80020
501420
742871
647360
268655
502681
49418
416080
555832
850635
136935
932434
11287
468680
537204
936148
842091
974951
908242
177741
939394
659261
681411
476239
748126
494366
848210
228661
910576
15878
782040
696347
619458
233292
473578
365083
236445
785281
905239
535046
866688
999414
800430
537351
648897
578041
951436
80268
95619
899830
91372
685686
704927
276145
692811
443841
135906
210251
302227
108321
32446
753428
297933
422356
417398
507412
685322
365981
834700
712787
868954
453949
478561
446181
294229
915970
635404
591807
164175
59513
134833
930795
153095
288009
884070
788790
701254
315446
295657
779723
264469
825329
888215
690106
508074
879154
476420
520655
926805
299477
987605
493376
805493
214997
299908
467276
149236
68490
122568
560334
956468
886375
255962
254808
322848
612998
625888
721245
947519
402920
71136
182390
290516
705806
384563
48305
518056
576906
880363
28689
70723
992036
935027
872337
957937
961564
348333
830668
681620
786285
118050
351721
458694
860921
938249
981740
977728
253659
533454
307512
754869
89040
393051
768400
382216
563897
10636
212733
330937
108769
83831
338372
831566
298726
240543
481473
710645
326306
624503
756016
234044
836908
494844
745136
7029
457936
211859
965046
955309
314617
944388
735381
808252
238183
197517
780515
973227
98159
757366
832850
433053
174282
985446
454055
938570
475051
775414
467507
194090
100172
933489
963370
623893
828797
877435
226275
93268
158932
69789
239285
339037
563754
575622
723760
714303
705207
625941
451473
9909
165048
436015
245859
901672
128872
349048
887853
161912
244846
180257
423281
145068
969968
355936
975825
249286
408117
110145
962824
805059
356659
390058
577022
33039
413779
553002
701573
85985
850368
282341
440352
436398
565825
173359
350151
849289
642196
436680
960820
910576
964737
529840
89717
490037
30999
396267
211591
712134
977361
628491
817640
459823
86534
547942
507801
375845
321992
865847
763892
735176
105541
926351
978047
448960
936355
226394
530502
679269
240738
12773
296601
84449
345981
555486
597442
813536
805698
170019
356556
991701
845559
499729
611207
946065
505295
403660
725766
429822
379682
264025
782411
296975
748083
271238
658656
147945
648758
198617
243545
31603
44697
372061
471993
151374
813125
696081
552406
799592
198203
336858
407190
570329
491523
825683
967093
462644
656376
498739
520420
377699
966410
62199
610929
410809
477793
507916
21031
645017
255085
951146
749239
653861
572589
157058
702671
349269
69890
516902
496218
886524
685164
986009
278379
189955
144427
289573
423206
166843
850125
94657
487075
511167
757051
123043
227945
713473
97675
8307
241181
903958
993641
205501
328462
420623
790617
336704
973813
555266
413861
594810
713478
385274
566877
616845
918633
207555
427849
175273
741071
366395
244655
294901
352236
931210
845700
712044
389243
155975
419113
525467
909367
90665
643771
105627
821809
880175
492334
613455
350208
488326
311831
179794
864732
807761
555418
471023
170117
821230
889668
204569
603006
43760
599055
729177
856586
999721
995987
611770
427257
807356
277198
664315
919051
154052
36796
463609
903496
890994
582149
357252
717645
383965
96160
903220
400043
857735
423884
307877
200766
235159
713533
222263
453077
512285
184117
200037
873954
870460
978099
537626
861893
416792
326388
841010
78693
848133
794007
102197
807621
139982
121087
771896
24174
585586
531840
983446
450154
59426
614540
488393
760203
676069
581272
457647
811188
382542
200951
342830
768310
990126
531829
320241
94605
143350
994707
116714
604308
848415
656015
182349
975997
485793
2472
97702
107233
129565
113414
306216
214170
166289
21216
852846
884088
238420
830024
817055
204413
897236
987945
434096
344071
805461
966239
541171
941334
371942
72368
745028
214649
954163
949712
756549
216345
204630
871977
487173
891379
513184
117287
325363
793406
327865
19719
263186
665828
694515
882746
414335
250840
927911
19697
869262
745996
816943
176549
157584
987120
489939
632529
724309
502428
891993
900957
809092
19604
143951
413052
308519
451607
422090
211632
134524
849852
740753
140778
529625
82439
807155
122437
70998
844943
315997
955459
829848
498841
803529
741607
374947
639182
856994
175762
478295
500793
384453
412343
591548
523990
917672
828294
71815
724990
160896
527669
94527
564490
524060
262595
897806
908319
639366
601031
676183
703405
589737
639028
541325
337956
100825
269766
691965
594992
650772
146002
448132
342816
601557
644148
380264
599068
639574
689759
621209
349883
913131
887594
938869
296103
338871
642021
516284
374388
957397
674100
60332
166733
879868
884423
725356
346172
237955
10304
768005
490870
2188
869586
387992
596307
439958
524427
701749
517973
876902
590894
227813
966834
706021
955994
10001
687122
439864
882967
622843
787674
79161
688015
534017
542296
285286
564023
285113
907099
160620
838473
576331
936786
192783
400213
104326
1224
993459
471948
53728
974613
251376
463454
674957
678810
737509
213366
265954
297006
624317
234517
140035
871520
860263
819712
6946
951659
579936
286742
455082
763012
387182
925677
442693
559940
398683
506908
469653
835756
917354
70814
287066
909887
283879
29494
365951
831864
329311
563137
868837
360724
553041
153929
632399
676989
810252
463729
354789
40474
290893
716317
993423
513303
972964
962519
164788
621281
826454
577193
366159
969432
259988
230685
625439
556413
590155
421287
280211
667236
751243
165032
358759
912045
598707
453331
694814
837370
381165
995256
944342
439733
115973
204710
372385
454643
277138
911454
535623
272513
583813
208609
305718
963523
425846
812680
238388
154610
191833
325785
844333
219898
864388
695106
584024
455452
25300
947739
62404
390252
813857
837138
676938
490454
889843
923202
118601
97472
937047
747343
479695
550818
691810
288217
88612
892778
595149
995533
796232
931548
861885
936810
852657
868555
343722
516680
279023
200947
260092
797595
754487
392555
646060
262937
167649
404280
957021
148356
520627
890162
113631
228869
693874
65084
464802
807820
396679
582436
618832
386882
436862
836428
581531
767909
290522
910324
603691
738697
245879
906942
753080
332482
388550
833598
116932
536825
639712
54270
872146
684897
663548
99198
852714
828678
977560
984222
265869
466248
932118
394075
276401
165553
500412
252825
771475
741938
741536
70624
986135
810809
836366
210751
188343
647933
182813
672933
425411
755840
319710
250448
437924
367177
526443
579519
401334
839496
696475
191321
890158
663445
878518
706361
512579
452727
697433
667619
518424
1931
749556
74125
892969
914511
344973
678880
598285
611464
193671
826203
961792
295050
554651
848468
411590
322884
761728
326272
141138
890540
568636
860002
261904
893591
451396
597031
65902
664161
841307
578689
721562
751865
760001
26673
56310
524157
756824
219604
161055
96576
410785
831628
997805
707503
634110
506413
342614
758381
402489
942133
734084
691465
337649
721232
547563
86630
366602
769026
321571
768001
724023
884357
469760
221928
520634
602900
978117
711222
942815
374905
782759
919294
316212
59200
957173
313619
176644
518218
120569
298476
607088
650434
518448
701308
866537
822416
599501
864063
57362
699552
751236
2561
994834
388970
427149
36752
482658
838571
464413
183718
850708
970427
899075
155772
921613
439696
441849
682833
411601
629071
873347
628931
725055
53035
917579
644453
905137
966389
781545
127142
605879
763100
253705
834421
871981
186599
256342
127239
665292
44251
350865
467299
5111
641407
507951
305824
379834
37586
262988
259483
485020
256976
410703
673205
90984
367010
536585
972710
903548
53754
664676
816321
573867
411418
599389
710340
508942
888644
516050
965293
485401
872574
386610
572597
851919
110896
945917
61110
93674
671232
8655
642532
718101
699006
781603
375411
806556
509795
912049
580933
693423
143973
128509
804817
63972
905795
888398
644477
19939
594548
917572
191292
767809
505739
56947
496236
50783
912721
915594
976265
501457
725766
522090
539281
648259
490891
626297
154089
38542
865091
573830
476593
279361
884284
639870
445557
696989
772035
380645
905041
918464
103453
314504
574489
330584
293013
135026
495402
353654
73931
918406
108172
833726
965953
828885
249350
506541
225319
639123
697625
858131
240269
856650
549148
712963
330431
267968
950630
358003
413389
807293
209020
739439
183686
970876
335069
268351
124262
519057
639815
188501
435210
407453
723603
83994
333742
162437
798483
662823
326300
720959
414627
977966
467657
333182
124408
804446
681971
416951
953556
876793
478432
104503
2034
982728
684556
999012
125323
168018
951589
264232
245180
630734
685121
173341
851504
914846
744159
171665
206715
26722
712597
433774
460062
177001
108618
178672
900447
212498
303857
320642
307398
644197
256842
771235
141264
577694
895368
965143
474792
775047
444725
336072
20242
419332
670819
616361
363478
93454
913037
37698
901358
150731
629855
778873
653291
842247
963198
471441
644375
121859
1959
175330
925680
63980
516278
551651
992068
596232
867914
1910
92033
476828
708281
953523
904166
708894
585907
807024
812765
469685
204200
268505
316373
814644
309115
792006
57142
201558
939722
185166
569432
256455
356623
19413
355328
545985
152237
630355
517885
651321
388555
606968
605676
122691
427549
801179
11427
9121
384450
968596
215248
606808
912361
438241
415174
266411
128334
189767
976498
800623
735103
597100
813231
806192
804671
193331
850675
247186
175519
938142
261180
151209
236768
275274
547221
309771
724006
479899
16378
206692
677093
339013
443363
315738
38116
52813
772531
489360
946598
504553
763486
82538
968727
694300
613997
502353
416859
402440
665016
204526
437192
322760
699082
170231
164238
836231
855357
635732
142882
793966
487974
295879
325217
837440
276802
144886
299548
126066
17602
623913
170756
991431
763721
340954
528391
165778
459757
166357
811123
342852
689902
178480
457354
502655
476470
417465
428116
396722
518215
492016
327090
770078
489346
623674
555869
679753
98668
116101
922500
891630
506578
889252
479824
454025
177584
362974
902455
969521
343457
910402
851911
691392
577751
207460
246609
825207
227162
356971
774680
410898
452714
43719
684128
615584
275220
612672
694949
640926
749959
138036
558428
319170
201139
807892
522905
373983
483233
856512
700490
790612
86630
132372
636366
839824
202905
120305
819531
247002
406458
694615
62249
565146
320187
531783
589870
301192
730303
193715
787179
396266
962001
26610
738892
68316
362211
524575
268868
970599
221177
21958
777798
817602
586750
976272
13826
866296
616258
93551
196843
443083
26597
721394
497261
70699
954846
740912
210112
501612
437505
154717
824497
613924
890683
32015
549114
682132
418710
653982
977733
73298
981765
661175
24531
198178
573728
847604
87317
534925
612843
909600
131024
356899
251787
211765
824283
324373
823606
791987
935731
81511
3947
67868
634930
25828
723301
823120
919294
925010
555174
233118
428797
195435
928679
738388
735355
929281
732821
904943
881030
140247
365382
722932
821830
735943
883413
976126
716352
124669
214296
425933
137299
913092
106439
833647
534294
357524
430434
722026
65396
670707
382455
354930
555471
602290
261312
244728
283033
602336
515156
21819
738404
56532
921870
780424
266520
317408
404293
81173
845030
922739
497503
299930
91912
408320
189972
362725
164997
917618
721794
508680
955741
64800
683547
981041
765870
241070
481671
535610
988995
826064
686274
866672
987955
444371
235095
203432
817551
835247
906893
499009
614520
572320
81743
398456
936140
427729
658953
561138
749795
812216
590469
537018
351246
460036
370416
71917
770351
598736
249328
75278
951031
373144
731381
576234
175683
340127
224445
30165
745907
3782
907883
976272
909296
670851
199507
345454
587848
257460
992776
65060
32392
644857
380128
824974
755098
148350
545290
174686
174442
495495
405317
700470
134740
51260
294891
649555
230189
499227
487329
205354
937693
357049
108349
120407
527849
555010
274330
565922
339373
181417
191333
622081
693745
144150
555975
176924
145619
93982
811033
753287
295001
370249
574419
584622
194696
120799
552540
62868
108070
787241
424414
263657
782148
759619
118911
565095
715341
908076
603335
146930
627709
355834
992243
324379
56896
459508
111561
983951
508378
850038
426583
528008
230071
44793
518520
465551
698361
458565
537147
405482
496348
387148
762044
558548
468905
888251
541473
547287
845866
424124
446764
470703
446174
562963
859771
286772
364973
495453
508267
10432
439079
954638
726902
821654
58587
792072
29584
294276
554870
519687
275618
999583
892947
106286
534015
257141
537274
19069
673378
727256
369616
528730
805944
396986
287080
710909
448494
473896
877642
535944
489113
325862
45757
722092
441178
542426
760886
897797
367478
600506
680557
621010
623102
411349
808455
57986
290703
75679
798916
699081
761275
417639
477539
947124
391034
572849
629514
563
570119
488274
911646
22591
252214
817435
565279
135451
142322
215737
913681
566844
612158
819173
272170
157095
798986
176899
226371
990841
777922
740950
702621
368581
495021
79387
452213
170785
128166
403800
888891
67648
472948
696313
692126
836477
692423
985951
873315
437934
530782
750907
21378
825143
100196
221636
886723
473724
517077
211603
368246
685105
64388
886816
638807
580163
313792
156048
470148
392199
223673
83349
565790
541863
297098
683750
516650
637046
189848
822605
741663
514831
757289
201668
29165
316400
141981
786555
176165
691111
302969
553591
855278
866313
653538
443185
644271
128563
282314
621509
365689
296482
113458
737630
361827
332512
857452
309038
508328
740150
69560
450637
270599
953344
686653
855961
681683
22396
526417
142984
591711
653609
659705
182098
496562
507766
2802
892398
845736
676238
770429
323753
977880
32539
886221
635571
833976
999447
862254
768990
873314
628616
246814
531343
909242
521923
288899
546968
19544
236459
772463
164165
16625
666969
308826
633902
634188
590842
521158
690621
885574
341875
753703
861597
468661
939943
807568
265491
302734
326695
106466
992551
856829
260645
729383
113463
581439
725433
484140
392952
565878
239329
135005
213571
707017
43363
510304
442819
499405
953878
433357
47309
627932
527557
452369
120299
506381
454392
36982
211448
715538
719305
488273
860478
950871
83439
101820
994855
137137
925285
820612
247790
145659
495100
163896
25781
47239
920756
222434
236253
418769
465254
113894
417004
37877
632
333635
191460
278149
277399
379211
359066
374746
479872
306083
796250
971125
959877
798303
436570
749120
160844
902945
298073
765822
573225
847164
162498
853699
242735
838000
735168
790390
417255
682143
943294
493503
626069
428247
645385
521191
855174
233876
822623
757694
613460
239246
621015
987043
301600
172634
138605
574738
510655
860677
755087
682890
795756
44159
574586
700339
610273
912315
145664
936746
394998
156117
67802
482917
362411
954520
84060
583842
561763
258542
321359
18403
778996
631802
193331
280256
296152
48547
494883
545996
466814
828015
864508
430323
679626
842869
613950
772309
476676
694317
123932
402151
317057
73831
692457
177772
621224
957205
239720
771569
433092
633904
514202
964718
142409
266623
323439
528031
14153
759976
220792
330565
478479
349537
416694
913209
351640
593382
236732
459038
535428
438261
188608
964021
991583
153700
456244
717955
56276
644125
483762
790166
418080
266742
689827
441605
970202
249094
722373
360243
876086
274080
746630
265415
485472
739873
155621
170001
2889
635960
825026
253640
800997
446
856011
367309
718996
96311
887885
806660
403380
153378
658414
429602
124485
491234
382438
554805
37331
156951
454766
105620
538475
244633
507651
998204
119381
481519
424736
619051
374762
584723
925440
326309
611521
410070
577822
498844
856021
38377
186005
552713
731430
836124
953602
947048
703649
259617
635376
401710
400371
263600
46741
585054
729230
461809
81154
640241
400548
646598
54416
542971
262979
207431
498328
326695
774649
311749
625297
644899
388027
925475
599694
138303
335910
564975
211013
488101
867892
15291
356873
127094
452493
110298
944171
55972
979534
316234
99031
299203
98116
644410
562323
184421
464859
115040
385512
610371
906998
942711
839555
312219
74801
950872
321214
847408
243878
319563
152940
173837
875757
298216
449129
342192
622129
998160
863843
323837
315304
233167
86208
208751
991839
698589
43299
785054
344078
589669
869773
656853
608623
395467
50685
672940
813275
586827
721144
130149
761393
43254
963712
796596
872526
488376
417524
251973
420121
427867
82579
875764
909619
576539
79496
691981
57954
280047
915760
743274
364121
519968
481231
397306
720156
859398
132752
431955
695526
220503
877806
909157
520338
752086
380279
276205
408740
721067
761823
939894
994486
804530
216193
972623
470881
390197
574612
395274
984204
861561
529721
213742
887391
850205
714251
891898
224109
4073
358178
734054
991581
763422
901860
555108
462793
596019
746823
392905
895188
301012
185765
73942
29689
883042
788175
736446
362181
28755
32027
636254
877580
620986
744831
698752
223382
771498
987661
835607
62713
999987
598420
908597
510404
198653
568014
716890
539956
483897
221725
965997
868597
705214
7216
791554
11446
160698
299771
384738
248784
438516
470198
907321
894345
344072
893114
48251
922497
202068
453208
258304
145324
489063
285289
459897
366914
226565
116880
230709
237243
470053
901334
660237
567389
488726
36255
904863
617600
151543
573648
764192
797928
456248
236863
83216
152689
547475
208876
586198
891141
293274
318089
425421
684361
67350
518351
32650
509855
406240
156871
143890
994499
753306
110659
259437
496696
511518
761015
219500
29222
741412
704933
597685
571462
857281
814158
685538
551379
164058
226489
852403
78675
116880
469311
991122
849140
728847
34065
580149
948440
859891
873531
419768
677815
688369
741148
329664
88880
535675
550264
302496
956526
671326
727134
28202
753766
870921
63085
857918
974468
428478
109806
773391
226450
126938
183247
267105
802853
441407
84582
144465
510296
619028
68561
385087
298193
940904
338482
604348
146127
400779
398014
466589
271333
238541
837107
978828
691842
668746
139234
795496
755646
501318
563168
375198
916947
187344
51967
579426
951203
210236
555691
171130
195942
760670
509158
707187
560346
411910
772917
902321
990169
896065
655045
64272
546856
572060
700785
345567
523024
561123
128441
192357
247197
43412
579715
597065
37525
89033
338128
205561
572236
786393
872551
981968
997008
782678
959913
937289
551688
7700
292320
355827
531462
531959
612429
696527
300816
273958
822035
832157
482173
21564
628942
881567
596988
879259
484899
456789
345637
415143
917345
278516
847554
376667
611572
36422
151227
737716
992619
547171
270999
733281
285141
112799
933656
13029
328478
644890
242853
951373
109323
562488
647181
596391
342659
623921
38515
115293
31102
261730
225502
58883
293665
342253
958698
14463
317296
132601
622259
359216
657371
160425
677546
552492
450859
682021
451528
659437
549569
42645
813251
238972
639528
738013
341909
688748
336664
493282
689577
990792
923713
372590
838476
951803
732407
148338
556184
139643
765022
117164
990188
354789
180812
5194
28768
978409
324658
286479
618469
454374
291436
343892
654099
280164
904725
749237
390982
205224
957294
229974
40716
290766
497003
17917
575663
103129
661100
103443
726867
85128
138675
784642
254409
782987
26647
719986
347911
956064
359119
41478
314703
653062
627266
879667
41774
458278
378973
344344
16633
424879
848700
602628
464697
754289
27837
15378
356264
611902
539981
20417
787390
918373
782129
494175
154780
220027
658870
184238
720048
665479
928760
566945
73364
528228
378844
87491
565320
300118
974647
365138
197762
161002
601702
68401
911169
200826
608133
861457
427700
497455
911190
686398
773470
359976
22532
972482
415954
774432
432794
595429
293334
958530
198777
530325
962330
622087
613122
890297
948123
823886
409874
752110
706535
468610
739831
826096
553521
131145
52733
457783
944787
656523
493341
847822
721077
318170
530282
829753
393859
871929
100504
356888
190114
337142
983757
627437
702523
416919
623668
890604
757204
688248
112235
721475
716489
936315
635421
986251
756403
762076
911659
603065
422880
660166
946582
404574
953115
874959
975927
116877
354040
838591
333717
714844
935384
748555
13163
694983
826481
858354
307192
361796
260604
126475
870243
330980
434356
114160
524059
791630
210042
421762
303716
564472
699685
466842
710288
526430
900958
11112
821840
879343
81900
384575
567327
29019
754123
224166
289694
457800
700944
481645
756443
385109
269479
942720
493639
967604
989419
411355
35926
181903
159489
250770
792371
676114
883336
306295
7989
966454
927389
92396
972042
726489
813212
904355
91729
345224
197818
708598
636382
73698
751688
914862
968696
867083
972744
417402
49543
343880
204299
600851
157346
818174
122919
447506
821634
754737
463481
457045
463339
642941
472978
521556
403707
40792
623434
316501
500551
834813
802510
516563
769426
513278
595540
698394
664922
284284
464332
387628
574522
953760
381856
125600
485921
443511
713654
388535
855903
228226
380634
934773
349331
778306
837227
677383
440777
468254
776067
903402
461488
771609
730804
862315
729867
455310
927949
502692
62844
399626
576430
831661
53810
395538
67836
829639
127016
404319
546520
950702
471644
834051
105748
660552
826556
791080
382064
948131
424231
967455
244680
983667
511651
477838
454086
213095
104676
289532
312428
949177
935985
814431
402279
717916
549708
664366
888451
279919
472150
101238
829546
358600
232466
208361
928969
767142
859300
86928
382708
186087
690214
756829
948776
44902
226425
283001
247601
122236
185775
231728
194196
534210
968282
486170
598558
54565
518422
29919
491969
736353
380010
509754
913244
361076
771787
759882
626725
314925
875899
36425
720072
34486
803677
460702
145435
909996
244095
75407
736499
860303
888659
6257
209199
870326
84249
422552
215515
46884
329286
183319
398650
982943
187712
896382
332762
181636
599457
481896
143610
687184
401268
439544
425814
14925
81453
187383
362684
971465
213740
827306
717863
514227
9825
54318
109817
659511
446137
444102
891959
117388
496826
496382
448822
476828
453399
698976
345938
392743
573940
75623
583314
681578
879221
83211
310681
779004
217668
361732
270458
912033
89606
864009
570621
228163
38816
168111
399326
687430
24402
106240
483912
482397
33501
235250
592691
106388
917459
531650
840580
4783
480503
218000
50204
432925
904247
550483
390711
14988
655107
396996
916521
599105
218505
353203
193770
669490
991062
157027
694166
422691
786595
541298
188743
788052
662242
997603
381981
316172
803562
887132
860122
312158
14266
982417
927610
491029
459799
163118
463124
514853
93983
533455
841703
910657
839386
7394
81103
178481
853601
117498
275927
75154
824889
505897
339332
504415
823830
102951
342332
908458
21808
914563
21192
883931
270652
54175
706686
647732
387287
193233
434571
575335
169866
529256
929673
461003
95794
953798
81177
692414
173448
407826
871304
285641
917838
821320
317473
332333
413099
66658
832394
298800
102750
319165
270651
432765
536660
243696
151464
113447
239964
283707
110772
642775
616542
284912
146257
612430
899764
629911
145274
825806
908849
527548
93170
523161
567673
369962
100885
163372
521595
438120
141801
158409
742369
777417
531520
25096
239205
172424
208596
957173
142615
995655
783907
317813
970902
394735
964464
930391
825885
462442
798721
351547
63568
335111
16319
341208
591234
226617
404915
53728
965546
673899
102639
687995
758105
758115
944766
980826
860728
547571
628298
930106
819564
21831
478124
561946
30324
107825
283820
169652
3674
134801
578808
606281
80596
768181
233523
916223
908050
171318
957190
13586
604205
444146
441435
82346
113957
694919
361432
886350
837588
419659
420736
652699
342559
691087
392585
935568
471347
297123
609764
930719
445412
9287
80520
284984
18548
916754
157795
863143
551494
817811
455577
177316
384065
465341
909044
228051
264980
855195
264520
344496
326876
175951
837907
112139
961846
605738
216043
612386
356284
544932
210545
277669
229390
411265
229088
646446
365503
83254
217241
624238
662073
342110
180729
396188
796535
560127
871015
278389
225400
777221
852142
827067
846647
509264
893193
564735
234740
313112
830871
773532
402010
618794
545599
380634
567741
760600
852216
734596
876582
885209
401724
651856
510947
714432
534550
866605
14986
377072
632662
413891
640574
599488
629115
525729
530574
490228
611686
976143
894293
7290
507604
74880
617562
693895
458211
134165
30394
876333
522319
196782
824391
142954
749688
769946
367462
893623
392507
590261
158277
607900
160128
802212
401153
605950
833786
868666
116354
847226
109693
264278
694698
659170
97908
597663
352507
7756
435452
991454
413554
161328
860263
28325
301926
225737
897909
969186
145087
237483
674737
149026
871961
646895
536331
320597
881276
581916
410378
690975
241610
749607
805423
420018
879565
540268
850115
624759
996329
753090
632500
285653
217286
925178
407022
695342
761837
278598
772424
642264
303522
877081
389694
204392
2912
231904
30741
866604
659689
333253
235451
895857
165008
330906
54942
965010
755491
937537
299934
353544
974651
778746
81955
159962
760616
929379
645250
887192
228631
415703
30008
432259
916150
373045
453194
109455
75127
301701
440737
138752
977269
938661
666675
142175
822220
4001
255945
5074
549787
636579
612818
630440
422830
923669
273670
379410
333963
820147
341984
696015
148082
391359
608114
749383
644665
590208
36024
35031
715376
705204
873330
266454
523236
991259
368025
505546
312322
596362
551804
295625
915047
542433
497471
826186
598014
169510
757595
889412
222833
951937
903238
562231
730622
525336
439559
997328
306305
553375
444717
981772
535257
881602
336532
404812
788673
877921
526425
739134
864448
140550
597471
660851
774737
265668
884654
135941
559217
756039
106469
186381
210728
234434
914611
488221
698572
212508
800226
993232
965353
730799
13457
737253
89491
821802
683613
291473
755744
661863
489036
505772
217805
714755
434689
962525
722182
374999
990350
208524
391852
112362
854340
76000
280412
556831
985677
700526
558778
27368
75665
378905
873669
836544
284651
473582
623790
103942
853713
343337
533473
102602
919032
50545
676177
975684
146466
57672
415468
293171
321625
550574
20983
40898
760016
750610
277815
965689
632063
240251
780818
836390
396346
331408
133144
840728
240085
252327
330743
381875
125201
83380
449467
823859
870583
522657
702172
892230
422345
675634
950495
310880
58570
670591
271353
973149
893867
650033
289282
276633
165612
830785
751445
743812
188837
388062
982357
416869
654888
678831
85137
354111
297231
935184
183414
19485
243129
920028
529262
679170
129860
113553
800808
378239
395513
988222
322595
123402
757213
475904
170993
173289
354856
796847
709072
133493
322966
825312
47410
360477
844555
671770
262182
128643
515755
634961
568767
745682
445976
694570
539487
205694
675796
480626
590784
602812
636098
950342
139771
39429
689699
950872
24435
254513
331546
784004
65207
348974
644635
17723
132463
695095
327354
820920
544209
621613
639161
773315
867041
366061
165728
274381
821817
953799
548717
526283
714523
44459
292312
567074
188525
766015
557452
843745
890844
585019
822430
944201
38333
577498
920928
372492
214613
812783
144885
136407
540184
856323
44869
17320
173405
560120
356522
691332
437383
933436
737857
957942
968934
57858
624501
904544
396682
910962
447097
257789
802778
717387
727850
124563
29467
617100
540107
66306
72678
197995
751035
204464
489050
144857
778908
785661
646939
776089
165378
236707
864341
130747
436287
83383
944802
548269
437466
835610
346417
307423
78528
257620
802706
128073
118677
76994
462420
605113
580167
192112
116627
953691
36513
779698
168491
420755
589751
479783
750105
48680
933601
378064
246352
656337
927644
148916
299672
767968
273922
814820
525277
600369
756938
685723
70280
412463
376459
433054
18368
597786
841459
875723
669464
756697
150142
573237
875273
691119
830521
910610
330810
492611
880717
261344
272611
710944
305330
902154
55824
646322
177582
186721
971107
738658
258589
109664
194464
136073
955511
275178
544618
823922
210954
850581
758826
518174
461598
905927
474724
207732
483818
397917
706933
857415
472477
227878
980730
559368
53670
667136
47497
115947
670588
14620
518971
706071
164593
18865
874200
936437
72435
351549
245140
655002
612733
768246
316641
601220
951917
724840
826860
835381
965074
907304
995956
786354
381139
882825
220916
758265
808094
716749
339549
585310
260910
762047
647525
292320
395507
123
416212
726556
566337
805014
455134
898801
616451
92434
435332
49155
858572
992540
976798
344097
870623
387270
604562
997030
808707
404199
19916
150080
874658
79727
447269
419932
996962
768560
40400
220927
927809
335195
803799
892667
881725
668189
566374
214242
861310
988684
59157
408994
754191
123298
447756
627487
629999
901271
142773
238984
755710
625036
664630
693031
78155
713252
193473
296300
693725
961110
439850
200277
551417
945540
668588
802783
836283
371980
867829
937599
758610
471490
587781
435967
88278
447673
297356
231233
947471
348068
217447
607205
126117
221909
890229
888355
502386
118324
933116
446243
111100
957049
87589
494706
274471
301887
921109
325362
165053
510536
948717
297210
714685
953800
799931
470567
738054
992617
210782
847627
805695
695513
574055
876657
690359
985908
383397
114384
126390
463070
807768
300893
156867
386110
454145
197942
447910
104469
639032
717455
55616
564267
603971
539496
89990
515372
246720
200048
562776
580042
585491
888229
671199
947508
902329
294182
956661
278354
16772
37710
166445
174471
717055
886278
56888
267145
713735
303364
957179
529005
84737
729845
146388
185374
325312
872846
187649
89082
58765
170548
382832
25287
972992
657508
661406
694817
382899
590451
700558
823316
131712
355608
259658
921623
844744
722164
424765
869476
210923
686228
48228
319787
169072
581342
108863
146982
51617
332422
359655
402322
175544
147810
378189
486888
546975
235904
215043
530799
855931
942566
75418
865863
730976
149963
576422
533144
718132
29491
380557
952923
254242
289184
454348
896435
173569
894954
842807
968583
583633
667589
979353
927517
943758
894660
315620
603210
618545
265640
998279
95982
342602
417306
719818
133487
406837
113038
225386
973128
990029
704252
482041
117630
530883
537164
100307
388094
322883
663791
623571
779426
307921
566029
732311
611978
982321
603881
676968
861092
325705
247962
963046
481200
634169
858385
214092
791763
163843
667820
81614
367266
711424
849040
748213
592968
139920
367349
742975
59776
112908
57433
921214
341231
844400
639405
972757
666559
727174
863866
871388
631278
868132
206266
646334
412950
511097
621011
108046
816879
372240
186061
710231
333077
960935
428456
40256
731997
4657
921155
810188
40931
877530
708396
897913
847506
105666
721026
319051
705051
957103
18213
584219
986929
947631
597593
190580
395544
181710
664281
218236
327998
493922
279071
807637
297598
735051
177294
698327
184760
733975
482363
917168
474858
853373
232113
485320
235673
351477
268089
243354
664171
656908
561196
528750
919762
681461
317536
376018
87641
470629
771251
923281
180511
439001
418529
938767
530201
802774
925693
686935
609921
772982
568890
576642
159568
364498
393889
564724
512411
351223
913339
882253
129161
397927
159104
408755
158062
915212
406409
994183
123239
271607
654127
787692
383311
50316
732982
46947
356244
777636
96762
771294
89449
574261
122396
823577
526406
186248
160787
878972
280279
616062
206414
47998
468656
276745
721498
511709
583645
10288
920784
488519
658988
419775
773188
150818
528234
861644
45512
35405
969581
31968
754813
626092
862878
679873
179088
515697
933888
654800
312558
528453
637393
621338
612502
848897
420977
816960
510161
487850
303809
532757
924080
768046
41513
889509
153493
546844
403613
974216
539941
386516
740605
573836
929727
113522
782789
778274
708332
331082
42516
847942
388873
660904
648281
316697
861644
490249
997693
661828
74543
833740
886661
102267
929722
768516
332505
445865
658666
868353
772832
617582
905477
110850
322470
152851
458940
163022
699893
213832
569224
404705
906716
483313
471464
208206
422148
816065
751320
517755
687379
98523
577481
187724
935806
129905
722764
259902
99820
427801
805654
138197
798966
109850
572877
153322
979817
533986
318912
907861
140182
569613
354305
402118
594670
178086
650683
748620
330688
849015
727453
416376
470049
736519
211099
668253
147091
830191
420260
748437
943665
590686
460618
81921
310689
893755
181450
52164
213832
111548
398782
865101
60185
804382
591937
904171
321221
662959
105536
657603
946229
989357
845348
784572
141322
640073
793975
826021
99716
762304
785636
185637
438406
325242
902668
301473
422134
101169
351308
100761
178338
315951
451375
695317
566648
67122
455466
509661
344874
578140
288384
454339
270269
622413
257212
809307
430315
545347
860899
206959
80684
229293
975890
754095
243806
408216
295887
449982
662376
279907
154975
57974
183858
42021
472017
936930
786566
853849
468546
721413
351028
228939
874736
600910
750314
649593
896950
581058
816574
708746
302712
816873
147163
268206
203007
702671
379258
45142
621911
5758
577908
7919
454899
298107
935274
517327
728890
400279
846463
970238
497482
809216
874407
435961
692374
685204
947532
721122
760395
756856
963647
523353
720253
642777
366055
952913
392372
347110
879363
763066
406233
562695
284472
904547
735492
359916
814743
945590
121431
289108
817781
500364
736279
963394
978514
737694
44826
452861
113309
843986
313775
560111
50265
457882
265725
805814
156563
336937
578502
399936
712236
929153
983011
419785
806239
93903
212888
720820
313538
100825
64401
914505
374685
592412
873287
448737
467353
501959
397110
309046
539108
690861
643720
32144
596407
71141
284829
613956
894573
881006
829501
726343
478129
532384
633647
646036
783404
217308
411370
486453
957148
660161
864671
442150
331187
897125
447919
461097
693733
919243
188663
399117
537520
662855
461961
861835
588143
405380
36739
117333
361934
429941
797481
189334
12803
170684
298034
55013
919705
391468
596695
995435
851513
223851
340068
971954
725124
915085
419878
228952
773995
501936
699207
933970
279019
35455
803165
581608
104622
878009
585374
865350
681028
961369
139690
408524
534545
845119
582623
8233
819423
320550
827898
470132
774336
577702
383063
517126
174360
880520
596272
645578
616891
694503
13233
32193
817741
967745
851066
981837
98243
39954
167848
445921
147501
479388
704035
290297
237381
239205
854993
493814
452007
372354
983320
808822
596351
717772
579109
156371
42895
520393
978746
451258
886640
19535
904678
124493
77193
490352
321009
985331
354618
979870
473327
347696
885560
724566
385480
710741
493917
895009
804624
499365
188883
586123
610141
700557
945723
267065
141711
298182
263667
173310
228975
43264
79017
554479
112388
472964
939608
974783
258918
674652
938381
427905
646704
780445
274888
458634
628285
504626
572401
401983
666109
311982
906382
558433
123476
916106
450625
383682
483188
714491
920706
514532
159006
987332
97668
27655
655353
254360
715877
138950
767426
908969
306463
122255
941455
686765
422808
958379
151833
423008
137460
693653
624647
578210
276736
375831
52780
195447
23709
832110
72808
313683
479756
886710
216677
941172
72793
891251
628762
38272
469163
157306
718384
836898
392748
790423
267895
592718
124007
758369
654109
74790
913953
430162
345696
305244
14409
231948
846414
354631
399354
324158
285142
47175
257732
732536
740026
810293
275927
384425
365509
724526
560870
128404
806799
568549
842707
17668
358253
664656
652632
139555
775972
830387
920297
254940
940017
462963
886985
265435
426215
488689
139986
466150
315875
910147
639990
675652
664251
608049
370933
805511
527360
411875
818494
925921
62202
735037
745291
80251
378872
300187
561163
491003
147552
479007
200680
104440
514559
113222
540196
580980
576474
82557
347091
939917
419780
502006
878268
391014
887758
566194
150926
230470
135992
133627
308584
428571
652882
53686
551966
163839
515267
151969
984294
925759
922649
43227
506675
381941
423371
37408
837743
758901
44719
971850
324346
674393
479214
328207
387149
790936
733268
292490
464828
240607
17368
289412
10810
367363
568220
198837
737344
558273
823757
458097
40220
278421
476729
78395
115004
72097
460369
484978
309462
476254
171412
173171
388857
723809
692393
950825
248038
957901
739917
686516
367742
855319
165999
811621
23133
571168
125760
351864
567710
729049
597689
496905
121591
757707
42958
434878
871134
731726
910030
235600
191217
733301
81528
198845
458946
907877
471643
666538
898647
85580
468742
867534
616104
507574
947986
504100
738415
860398
843112
542380
333467
429986
440876
392171
361375
535525
854785
653202
934247
508849
168975
906688
355849
564757
958587
895451
3553
935969
690999
532058
423156
240814
320864
468903
119980
286233
644760
3284
345394
669125
745211
883472
228440
201371
63780
875149
899042
335121
469937
847639
686523
862530
87813
829393
984104
883728
26587
784213
904045
91119
909865
107228
250218
990487
410248
213304
553166
355462
545812
901494
586835
617175
514637
56366
237115
732558
511173
32
800326
183019
704147
780532
939214
228767
430470
539386
664535
902139
404304
231189
837590
776877
302370
548477
89940
843902
120614
599093
16998
953884
637428
170527
275253
77159
214153
828128
217003
747106
655802
970937
317545
706852
484640
89390
734124
114682
734784
963558
999435
786252
22042
343633
607286
961440
870846
264431
825127
350469
344267
517306
226091
483303
216945
839721
229757
332942
261909
738754
314227
866008
734215
537965
724474
546745
423059
928143
43926
598577
42581
571471
803856
354434
214504
359583
245607
737331
269613
13840
429216
182055
584006
782553
875995
261620
218667
415197
543393
300020
288505
525418
331015
950131
947764
701830
892602
914275
627137
611853
478336
36280
874805
877031
264566
537185
506966
195666
95967
241296
410877
473388
110421
96934
621918
568321
203314
724153
91543
410778
711908
800039
747094
913241
679904
804458
172898
487310
478539
870562
357171
190916
751506
140089
363403
383820
522325
260515
749661
477824
797951
204022
761776
948295
911988
538926
400328
649354
750023
379639
173522
228906
285244
584396
961591
606448
960105
119588
7514
710166
819878
555558
570068
28461
474851
811982
807483
709497
556020
544462
636983
758063
646540
992984
411688
870312
145907
665630
755006
163458
966997
505770
611024
450764
862587
241163
965716
149078
89057
923638
790085
875248
986343
446326
852554
488956
199498
639782
584353
693141
224651
579803
455698
15289
383144
671234
553657
877237
436118
606607
2791
89709
603697
656273
880538
622317
605361
927874
696918
562728
249656
355368
678335
955947
527042
526372
447147
696600
963127
239588
373204
559283
367622
310457
933199
499716
546086
916218
328637
735646
767676
475773
331936
621534
105096
36683
841576
90258
962511
37275
950239
678365
692670
784311
309011
830823
726570
446595
662433
674753
922653
388737
146564
310985
172349
233119
199789
509967
897692
869210
753023
904899
799514
769195
770252
269408
13996
851739
783184
870790
246304
170457
586251
290999
113600
742036
639486
147340
831368
908661
15363
34844
679298
903163
506217
356713
382191
936286
448222
101761
918687
885275
194325
381634
304749
872891
249040
829181
48346
844390
253208
735547
357041
709320
537753
375322
19596
147085
446549
693637
947483
505877
683283
649023
94638
193089
526875
200325
21964
69942
815575
96323
378635
540644
36652
224096
331331
511560
23442
901798
164977
685061
612229
194112
103748
177106
292743
676549
618643
648507
177358
942855
982335
647700
880306
206563
520628
373805
595440
57374
896094
434762
460421
997729
75401
798771
258818
5590
304453
791865
983364
542688
365490
461653
622823
520256
701711
462311
41241
606801
52165
392129
578046
379280
929979
524085
567372
960033
549218
348253
838307
24971
955918
115627
337670
440357
837771
233692
701947
539289
798725
34016
436427
485880
767456
113475
853969
551537
147093
99336
943492
298316
838285
978467
209767
848230
911274
370972
388244
502425
587637
471634
736150
435879
443400
300704
267516
635219
666
445773
667008
979132
812308
247062
711564
510114
955197
813244
310408
556871
163256
756966
979049
105808
889847
803146
854293
849724
969344
766409
910142
721640
91853
200881
317639
680129
727995
567574
631258
358917
616568
853488
523653
326453
574907
478521
121405
273047
631991
949110
627774
212435
622832
129965
932177
545554
179405
784755
367355
578567
155525
940788
39472
624978
668995
55856
202550
881804
254519
658905
206259
269338
754575
630898
39306
857792
469956
886296
320358
817957
694520
923530
469360
95164
843039
937029
679994
792491
570520
219991
438577
537999
374471
971991
892732
445388
834330
198188
563581
528620
682587
765191
238900
103426
735710
212750
333679
525557
637199
845197
936320
923697
552610
448918
84981
401349
401496
830821
259357
982309
309929
781675
28805
711564
513362
472717
867015
86374
966600
337513
355974
167006
565766
764250
830141
43228
101021
791902
242740
561176
739036
237837
639071
381318
258133
451668
379719
243402
380086
846117
862525
940552
985124
920891
854039
656734
875380
713184
543904
520595
716715
6036
107522
311839
935310
714897
414925
841242
739045
83077
925918
681588
370895
799543
21514
141061
823688
296290
670688
362826
67869
891463
358655
628736
597095
762433
406366
647674
211488
858079
687838
105697
342378
27783
628202
848174
217751
990266
37232
563227
291500
919967
372941
757708
146891
17558
431601
964745
629435
656530
361250
488539
285318
575803
548731
322663
498384
923808
286416
138614
723607
98187
964243
768736
833247
619838
588339
168189
212416
290737
843915
377838
27726
47519
353930
383240
201098
59774
789104
488593
559574
802407
998520
445549
743998
75390
171998
338057
919996
22781
880267
641057
297202
329042
994338
556196
493927
250863
426538
953158
367448
325561
774542
109613
153448
972494
212404
680124
181142
133238
283673
765674
136930
951805
726788
209732
47854
607406
681324
233104
457271
521245
175106
809120
322714
128754
962035
671912
691527
590867
638558
648031
837019
943602
385011
607060
922385
865433
844350
463990
397514
256192
792796
724750
265660
640619
993143
629573
306266
482030
237506
191175
902402
41995
254609
438502
645276
586946
319691
821713
371056
531264
554071
864554
616569
367474
137111
527036
132769
