405732
737154
791776
820482
833792
504796
407815
361199
351653
771870
127622
655835
324845
702174
412832
829876
321906
462249
611430
360408
184122
725291
419079
673353
256887
938103
327779
968590
913413
599073
623544
947644
709930
947318
808210
894949
622806
982903
852745
194024
328046
989223
870691
293438
833087
93332
800034
851790
141038
654577
293435
302121
186441
712809
224999
500255
632300
349285
350033
25252
58572
1161
151121
110044
239793
677801
541144
929711
411011
632311
161218
505924
297743
342123
829124
991136
817471
944668
599583
456762
485760
376548
646400
488028
264612
716488
547511
339295
278900
214046
822967
436573
251044
859807
869725
495077
869780
41969
77151
168270
539599
205693
886723
586644
798563
672318
311428
422676
136969
144460
301526
21361
302623
313160
239139
197234
269772
197041
450013
982400
438150
376743
744371
319731
154463
203727
549776
124850
903717
215763
341149
798990
437230
868981
844335
87650
686065
283840
604056
97291
948192
458025
510884
587046
122825
14075
485785
757667
523955
601089
39443
540238
108927
806758
23995
774878
192165
181920
730756
83944
503583
983045
394156
593570
219355
714194
878563
467048
618121
675707
751520
732051
137128
994720
537822
230252
54570
205613
178556
152005
798229
671003
208599
366059
767383
485348
148435
143712
268873
469559
437186
816684
17586
504676
585379
218653
794193
561740
52322
359574
18856
956220
24532
620843
794911
132164
16452
832868
270637
773205
673692
471667
111210
97456
651001
782174
10941
117900
665663
59627
466526
608836
239577
328165
341725
973306
431908
861899
852199
221143
183376
263527
215550
368609
170305
221442
433832
55928
887734
840846
523515
523794
852588
334804
212464
442229
478422
750950
646669
630848
202204
514744
398663
86890
342056
265084
367269
11585
477166
299173
353680
792536
536218
430243
614795
320697
783621
581180
543601
356011
928526
438256
270435
200244
419924
269988
454909
644894
463358
610305
404140
219012
31470
110694
420079
78367
868354
728037
399920
593176
680151
101944
373308
232847
622289
257199
26716
999709
52433
164496
74850
477459
777263
2003
900629
788756
355833
958209
581138
759471
947459
693580
284816
440017
444924
989613
225552
922009
206294
754000
541934
860091
144287
510260
62546
603948
394285
242895
793410
81003
179319
737144
294637
716943
115690
261492
186110
630414
15567
717500
998361
902436
118148
874926
352074
20245
562968
539842
451731
982685
420478
722081
158714
250192
213121
401497
817139
604293
618586
875221
612914
829341
592309
296213
458033
988972
42482
642505
105893
508120
250560
915751
518147
841770
59949
959864
709689
15570
91348
18869
72929
886136
447202
286920
860799
729053
594571
978905
964829
149501
641708
393283
802820
792707
581219
238577
604773
764505
209995
26106
70419
341154
725730
107070
376315
329830
907030
166892
951096
874705
533197
820534
249133
575321
839552
321006
135903
568759
319912
921943
7158
270499
796794
924278
965008
525079
631995
682450
493298
302121
248220
742095
79084
797663
167578
344555
454185
163660
175497
196891
107180
955817
615595
471412
141639
540882
595499
687774
21482
373202
186139
141717
502607
59635
87700
624679
700339
795756
998837
382343
400753
208201
737351
357137
452846
967858
808164
993397
828382
460187
842299
847446
419549
82677
906432
561897
266759
640304
18847
557018
107341
264453
650579
429419
413358
630355
127537
975106
356709
469780
138771
630043
457013
263598
206230
859817
100521
560530
823630
921122
954406
78188
190271
24411
667379
488262
212283
477274
828511
428744
209918
363488
768894
1265
424146
7320
950305
128011
293146
673986
298558
251959
495218
385994
880225
758070
754498
826318
764720
420390
795403
995797
751881
160684
955248
546843
620359
623838
54764
183371
926911
334954
80164
799371
370936
51106
533038
410723
750768
760693
458695
302937
841245
607501
732063
393648
596044
689347
219521
640122
222745
338402
230746
754749
776961
370526
12185
5333
771799
421136
386637
741015
847841
417903
926402
425151
753999
555023
420581
306868
227670
488392
43100
976196
847520
847033
786529
603217
692496
175253
99678
236558
425895
485694
228230
80060
816089
479739
326311
556115
234842
580211
969999
670641
745525
72797
268697
837702
874463
61439
404280
832016
167399
402753
314061
785856
381126
536581
182910
397281
991887
51344
593582
632493
530487
521680
929941
169520
208642
853406
64849
636467
484889
739722
678596
342304
363498
249253
932722
54320
860454
914858
52174
181586
231939
507867
879380
537127
990783
757294
182027
554129
907635
376161
752867
660146
206655
959271
400006
451702
959724
889696
327068
793920
678544
146037
28664
480044
52177
563324
183427
813537
457274
135319
240959
143762
822551
21546
738593
255331
33403
344243
163278
928121
33407
224010
562595
788662
142653
520901
988587
108969
795899
537257
479415
74216
873409
960208
172335
186729
454014
394870
235033
642120
522455
258141
144728
709162
679630
543919
754026
687779
412664
359893
26696
341089
654604
698384
213605
560755
470956
447928
146794
583130
207579
30316
751901
23722
846860
765051
976564
658698
107597
858182
223285
517588
134368
523022
669471
667357
957018
700144
583595
783285
997431
428451
416968
26467
408908
929849
587468
770642
6280
324598
111250
592913
1780
267035
37863
996316
262583
838531
757949
331897
730207
597200
442790
791481
448169
181948
908091
656841
358192
613635
357564
666190
101129
535265
940840
426895
591274
823856
105033
810356
866131
854241
766200
579621
566204
49728
278746
482952
990336
638661
662399
471294
54830
771731
982928
752018
666714
601527
591441
846951
204614
950569
421026
987153
638212
963810
25916
534134
5717
952901
720427
750961
307396
899826
641009
515313
825703
316942
474914
328999
556331
915795
789018
732796
363958
754633
481823
340961
523606
54001
727432
696304
412517
604893
796001
743431
417068
809449
150797
876884
480701
434937
647868
451394
359676
113057
379711
250908
34802
128575
620818
278096
921062
155993
590638
251719
39347
980832
723468
832953
156554
182426
751035
881037
377936
957289
358247
572881
862262
534520
68280
548453
115706
358276
54465
649938
439359
935955
941742
51928
520166
959816
76798
555755
921727
889181
694009
68863
558888
697067
166359
15741
474339
240712
868552
519141
137552
217528
223631
375738
308941
670790
132653
645628
978413
788553
595061
531850
511428
840403
574746
82312
399433
394281
892690
680910
204837
705796
874485
417484
934233
469402
70503
458557
423343
692671
790480
523527
233441
502241
738893
439393
235284
159434
374008
497997
636772
171606
771042
901708
230656
82076
739451
831231
256204
835291
219391
485201
121273
814974
83566
656876
176472
160578
495062
181598
763816
665603
290256
670551
790729
684300
694796
646817
308139
57504
691103
898475
67377
179129
449652
910608
43938
546326
774699
929507
473119
902304
336648
731740
872272
148282
298331
111042
261795
233579
852273
84297
272039
808097
885409
435325
910854
893589
267430
587431
